73
105
300
40
  1  2   12   10    0   68   55   55
  2  2   12   10    0   37  135  135
  3  2    7   30    0   36  100  100
  4  2   10   20    0   26  110  110
  5  2    8   15    0    6   25    0
  6  3    5   25    0    7   25    0   11   80    0
  7  3    3   30    0    6   25    0   10   25    0
  8  2    5   15    0    9   25    0
  9  2    8   25    0   24  115    0
 10  2    4   20    0    7   25    0
 11  2    6   80    0   12   10    0
 12  3    2   10    0    1   10    0   11   10    0
 13  2   62   55   55   63   60   60
 14  2   64   50   50   70   40   40
 15  3   72   55   55   69   10   10   70   20   20
 16  3   19   40    0   56   50   50   62   10   10
 17  3   18   40    0   59   10   10   61   15   15
 18  3   17   40    0   19   45    0   60   15   15
 19  2   18   45    0   16   40    0
 20  3   21   45    0   23   85    0   67   70   70
 21  2   20   45    0   68  105  105
 22  3   73   30    0   23   45    0   66   95   95
 23  2   22   45    0   20   85    0
 24  2    9  115    0   26   35   35
 25  3   26   10   10   28   70   70   27   15   15
 26  4   24   35   35   25   10   10   27   10   10    4  110  110
 27  4   25   15   15   26   10   10   31   30   30   35  110  110
 28  2   25   70   70   29   10   10
 29  3   28   10   10   30    5    5   31   60   60
 30  3   29    5    5   61   15   15   33   60   60
 31  3   27   30   30   29   60   60   32   10   10
 32  3   31   10   10   33    5    5   34   95   95
 33  3   30   60   60   32    5    5   55   45   45
 34  4   32   95   95   50   15   15   49   15   15   35   10   10
 35  3   27  110  110   34   10   10   36   20   20
 36  3   35   20   20   37   15   15    3  100  100
 37  3   36   15   15   38   10   10    2  135  135
 38  3   37   10   10   47   20   20   39   40   40
 39  3   38   40   40   42   20   20   41   25   25
 40  3   42   45   45   44   20   20   43   40   40
 41  2   39   25   25   42   10   10
 42  4   39   20   20   40   45   45   41   10   10   67   50   50
 43  3   40   40   40   44   55   55   66   20   20
 44  4   40   20   20   43   55   55   46   15   15   45   10   10
 45  4   44   10   10   46   10   10   51   15   15   65   85   85
 46  3   44   15   15   45   10   10   47   10   10
 47  3   38   20   20   46   10   10   48   10   10
 48  3   47   10   10   49   15   15   51   20   20
 49  3   34   15   15   48   15   15   50    5    5
 50  3   34   15   15   49    5    5   52    5    5
 51  3   45   15   15   48   20   20   53   20   20
 52  3   50    5    5   54   35   35   53   15   15
 53  4   51   20   20   52   15   15   54   30   30   62   35   35
 54  4   52   35   35   53   30   30   55   15   15   56   20   20
 55  3   33   45   45   54   15   15   58   30   30
 56  3   54   20   20   57   15   15   16   50   50
 57  3   56   15   15   58   20   20   60   30   30
 58  3   55   30   30   57   20   20   59   35   35
 59  3   58   35   35   17   10   10   60   35   35
 60  3   57   30   30   59   35   35   18   15   15
 61  2   30   15   15   17   15   15
 62  3   53   35   35   16   10   10   13   55   55
 63  3   64   10   10   65   10   10   13   60   60
 64  3   63   10   10   14   50   50   65   15   15
 65  3   45   85   85   63   10   10   64   15   15
 66  4   43   20   20   71   90   90   22   95   95   67   70   70
 67  4   42   50   50   66   70   70   20   70   70   68   95   95
 68  3   67   95   95   21  105  105    1   55   55
 69  3   15   10   10   73   45   45   71   20   20
 70  3   15   20   20   71   10   10   14   40   40
 71  3   66   90   90   69   20   20   70   10   10
 72  2   15   55   55   73   50    0
 73  3   22   30    0   69   45   45   72   50    0
