58
81
300
48
  1  3    3   20    0   40   45   45   53  140    0
  2  2    5   15    0   21   20   20
  3  2    5   65    0    1   20    0
  4  3   14   40    0   15   45    0   20   65    0
  5  3    2   15    0    3   65    0   18   50    0
  6  3    7   95    0   22   30   30   49   50   50
  7  2    6   95    0   50  115  115
  8  3   19   10    0   32  120  120   37   70   70
  9  3   15    5    0   26  120  120   31   40   40
 10  2   51   25    0   17   75    0
 11  2   12   10    0   14   10    0
 12  3   11   10    0   13   10    0   16   10    0
 13  2   12   10    0   17   25    0
 14  3   11   10    0    4   40    0   16   10    0
 15  3    9    5    0    4   45    0   16   30    0
 16  3   15   30    0   14   10    0   12   10    0
 17  2   10   75    0   13   25    0
 18  2    5   50    0   19    5    0
 19  3   18    5    0   20   10    0    8   10    0
 20  2    4   65    0   19   10    0
 21  2    2   20   20   38   20   20
 22  4    6   30   30   23   40   40   25   15   15   26   40   40
 23  3   22   40   40   24   20   20   49   10   10
 24  3   23   20   20   25   15   15   29   15   15
 25  3   22   15   15   24   15   15   27   15   15
 26  4    9  120  120   51  120  120   22   40   40   27   10   10
 27  3   26   10   10   25   15   15   28   10   10
 28  3   27   10   10   29   20   20   31  100  100
 29  3   28   20   20   24   15   15   30   10   10
 30  3   29   10   10   32  100  100   47   60   60
 31  3    9   40   40   28  100  100   32   10   10
 32  4    8  120  120   31   10   10   30  100  100   33   10   10
 33  3   32   10   10   34   30   30   47   60   60
 34  3   33   30   30   35   10   10   36   15   15
 35  3   34   10   10   36    5    5   37   60   60
 36  3   35    5    5   34   15   15   44   55   55
 37  4    8   70   70   35   60   60   39   35   35   44   50   50
 38  2   21   20   20   39   10   10
 39  3   38   10   10   37   35   35   41   30   30
 40  2    1   45   45   41   15   15
 41  3   40   15   15   39   30   30   43   50   50
 42  3   52   90   90   43   10   10   45   20   20
 43  3   42   10   10   41   50   50   44   20   20
 44  4   43   20   20   37   50   50   36   55   55   46   10   10
 45  3   42   20   20   46   20   20   55   70   70
 46  3   45   20   20   44   10   10   47   45   45
 47  4   46   45   45   33   60   60   30   60   60   48   20   20
 48  3   47   20   20   50  100  100   54   50   50
 49  3   23   10   10    6   50   50   50   40   40
 50  4   48  100  100   49   40   40    7  115  115   57    5    5
 51  2   10   25    0   26  120  120
 52  2   42   90   90   53   30    0
 53  2    1  140    0   52   30    0
 54  3   48   50   50   55   45   45   57   85   85
 55  2   45   70   70   54   45   45
 56  2   58   30   30   57   45   45
 57  3   50    5    5   56   45   45   54   85   85
 58  1   56   30   30
