46
61
300
16
  1  3    4    5    0    2    5    5   46   20   20
  2  3    4    5    0   35    5    5    1    5    5
  3  2    4   10    0   19   10   10
  4  3    3   10    0    2    5    0    1    5    0
  5  2   44   15   15   24   15   15
  6  3   21   15   15    8   75   75    7   10   10
  7  1    6   10   10
  8  3    6   75   75   10   25   25    9   10   10
  9  1    8   10   10
 10  3    8   25   25   12  100  100   11   15   15
 11  1   10   15   15
 12  3   10  100  100   18   15   15   13   15   15
 13  4   12   15   15   18   15   15   42   25   25   14   55   55
 14  2   20   20    0   13   55   55
 15  3   39   25   25   17   15   15   16   10   10
 16  2   21  100  100   15   10   10
 17  3   15   15   15   36   10   10   18   10   10
 18  4   12   15   15   13   15   15   17   10   10   38   10   10
 19  3   35   10   10    3   10   10   20   45   45
 20  2   14   20    0   19   45   45
 21  3   16  100  100    6   15   15   28   40    0
 22  4   23   65   65   26   25    0   27   25    0   25   20    0
 23  3   45   35   35   22   65   65   24    5    0
 24  2    5   15   15   23    5    0
 25  2   22   20    0   30   60    0
 26  2   22   25    0   31  125    0
 27  2   22   25    0   28   15    0
 28  2   27   15    0   21   40    0
 29  2   32   60    0   30   10    0
 30  2   25   60    0   29   10    0
 31  4   26  125    0   39   40   40   40   45   45   45   65   65
 32  2   29   60    0   43   50   50
 33  1   44   10   10
 34  1   40    5    5
 35  4   19   10   10    2    5    5   46   25   25   42   75   75
 36  3   17   10   10   37   10   10   39   10   10
 37  3   36   10   10   38   10   10   41   10   10
 38  3   18   10   10   37   10   10   42   25   25
 39  4   15   25   25   36   10   10   31   40   40   41   10   10
 40  3   34    5    5   31   45   45   41   30   30
 41  4   42   50   50   40   30   30   39   10   10   37   10   10
 42  4   13   25   25   41   50   50   35   75   75   38   25   25
 43  2   32   50   50   44    5    5
 44  4    5   15   15   43    5    5   45   10   10   33   10   10
 45  3   23   35   35   31   65   65   44   10   10
 46  2    1   20   20   35   25   25
