70
99
300
51
  1  2    2   40    0   70  120    0
  2  2    1   40    0    4   30    0
  3  2    4   95    0    9   55    0
  4  3    2   30    0    3   95    0   55   50   50
  5  3    9  150    0   54   70   70   55   40   40
  6  2    7   20    0   17   85   85
  7  3   11  100    0    6   20    0   28   50   50
  8  3    9   20    0   10   25    0   32  220  220
  9  3    8   20    0    3   55    0    5  150    0
 10  2    8   25    0   11   30    0
 11  2   10   30    0    7  100    0
 12  3   13   25    0   47   15    0   58   65    0
 13  2   12   25    0   14   30    0
 14  3   13   30    0   40   10    0   45   40    0
 15  2   39   25    0   41   25    0
 16  1   17   15   15
 17  3   16   15   15    6   85   85   20   95   95
 18  2   19   10    0   21   40   40
 19  2   18   10    0   22   40   40
 20  3   17   95   95   21   15   15   27   20   20
 21  3   18   40   40   20   15   15   22    5    5
 22  3   19   40   40   21    5    5   23   10   10
 23  3   22   10   10   24   10   10   36   45   45
 24  3   23   10   10   25    5    5   35   50   50
 25  3   24    5    5   26    5    5   34   65   65
 26  3   25    5    5   27   10   10   29   60   60
 27  3   26   10   10   20   20   20   28   90   90
 28  3   27   90   90    7   50   50   29   75   75
 29  3   26   60   60   28   75   75   33   45   45
 30  3   31    5    5   33   10   10   50   20   20
 31  3   30    5    5   32   10   10   53   10   10
 32  4   31   10   10    8  220  220   33   10   10   54   10   10
 33  4   29   45   45   32   10   10   30   10   10   34   20   20
 34  3   25   65   65   33   20   20   35   15   15
 35  3   24   50   50   34   15   15   36   55   55
 36  4   23   45   45   35   55   55   37   30   30   38   30   30
 37  2   36   30   30   38   20   20
 38  3   37   20   20   36   30   30   42   65   65
 39  2   15   25    0   42   30   30
 40  2   14   10    0   41   15   15
 41  3   15   25    0   40   15   15   42   30   30
 42  5   41   30   30   39   30   30   38   65   65   43   15   15   44   15   15
 43  3   42   15   15   44   15   15   49   90   90
 44  3   42   15   15   43   15   15   46   30   30
 45  2   14   40    0   46   10   10
 46  4   45   10   10   44   30   30   47   25   25   48   50   50
 47  3   12   15    0   46   25   25   48   55   55
 48  3   47   55   55   46   50   50   49   30   30
 49  3   48   30   30   43   90   90   50   10   10
 50  3   49   10   10   30   20   20   52   15   15
 51  3   52   10   10   56   65   65   57   65   65
 52  3   51   10   10   50   15   15   53   15   15
 53  3   52   15   15   31   10   10   54   15   15
 54  3   53   15   15   32   10   10    5   70   70
 55  3    5   40   40    4   50   50   56   65   65
 56  3   51   65   65   55   65   65   57   65   65
 57  4   51   65   65   56   65   65   59   40   40   63   50   50
 58  2   12   65    0   59    5    5
 59  4   58    5    5   57   40   40   60   15   15   62   20   20
 60  3   59   15   15   61   10   10   62   20   20
 61  1   60   10   10
 62  4   60   20   20   59   20   20   63   20   20   64   25   25
 63  3   62   20   20   57   50   50   64   15   15
 64  4   62   25   25   63   15   15   70   25   25   65   15   15
 65  2   64   15   15   69    5    5
 66  3   69    5    5   67    5    0   70   20    0
 67  2   69    5    5   66    5    0
 68  1   69   10   10
 69  4   65    5    5   68   10   10   67    5    5   66    5    5
 70  3    1  120    0   64   25   25   66   20    0
