68
94
300
60
  1  3   53   50   50    3   55    0   25   85   85
  2  2   53   45    0    3   10    0
  3  3    2   10    0    1   55    0    8   45    0
  4  3    6   55    0   16   55    0   48   75   75
  5  2    9   35    0   24   40   40
  6  3    7    5    0    4   55    0   48   20   20
  7  3   10   45    0    6    5    0   45   30   30
  8  3    3   45    0   11   40    0   24   60   60
  9  2    5   35    0   10   10    0
 10  2    7   45    0    9   10    0
 11  2    8   40    0   12   20    0
 12  2   11   20    0   13   20    0
 13  2   12   20    0   14   10    0
 14  2   13   10    0   15   10    0
 15  2   14   10    0   16    5    0
 16  2    4   55    0   15    5    0
 17  2   33   40    0   18  115    0
 18  2   20   35    0   17  115    0
 19  3   57    5    5   21   55   55   20   35   35
 20  2   18   35    0   19   35   35
 21  4   19   55   55   58   40   40   62  100  100   29   55   55
 22  4   61   55   55   23   70   70   26   35   35   27   60   60
 23  3   22   70   70   24   20   20   44   60   60
 24  4   23   20   20   25   85   85    8   60   60    5   40   40
 25  3   24   85   85    1   85   85   59   35   35
 26  3   22   35   35   44   35   35   43   25   25
 27  3   22   60   60   38   40   40   28   20   20
 28  2   27   20   20   29   25   25
 29  4   21   55   55   28   25   25   38   55   55   30   15   15
 30  3   29   15   15   31   10   10   32   35   35
 31  3   30   10   10   37   30   30   35   35   35
 32  3   30   35   35   34   40   40   33   30   30
 33  2   17   40    0   32   30   30
 34  3   32   40   40   35   20   20   36   40   40
 35  3   31   35   35   34   20   20   37   15   15
 36  3   34   40   40   37   20   20   40   40   40
 37  4   31   30   30   35   15   15   36   20   20   39   45   45
 38  4   27   40   40   29   55   55   43   40   40   39   20   20
 39  4   37   45   45   38   20   20   42   30   30   40   20   20
 40  3   36   40   40   39   20   20   41   30   30
 41  3   40   30   30   42   20   20   46   15   15
 42  3   39   30   30   41   20   20   43   20   20
 43  4   26   25   25   38   40   40   42   20   20   47   15   15
 44  3   23   60   60   26   35   35   45   20   20
 45  4   44   20   20    7   30   30   48   20   20   47   10   10
 46  2   41   15   15   47   25   25
 47  3   43   15   15   45   10   10   46   25   25
 48  3   45   20   20    6   20   20    4   75   75
 49  2   55   50    0   50   40    0
 50  3   49   40    0   54  115    0   52    5    0
 51  2   53   30    0   52   45    0
 52  2   50    5    0   51   45    0
 53  3    1   50   50    2   45    0   51   30    0
 54  3   50  115    0   55   95   95   60   55   55
 55  3   49   50    0   54   95   95   68   50    0
 56  3   60  150  150   67   70    0   68   40    0
 57  2   19    5    5   58   20   20
 58  4   21   40   40   62  100  100   57   20   20   63   50    0
 59  3   25   35   35   60   20   20   61   25   25
 60  3   59   20   20   54   55   55   56  150  150
 61  3   22   55   55   59   25   25   62   30   30
 62  3   21  100  100   61   30   30   58  100  100
 63  2   58   50    0   64   75    0
 64  2   63   75    0   66   45    0
 65  2   66   10    0   67   10    0
 66  2   64   45    0   65   10    0
 67  2   65   10    0   56   70    0
 68  2   56   40    0   55   50    0
