49
66
300
5
  1  3    2   45   45    5  115  115   18   10   10
  2  3    1   45   45   13   55   55    5   70   70
  3  3   13   50   50    4   20   20    6   35   35
  4  3    3   20   20    6   45   45   43   80   80
  5  3    1  115  115    2   70   70    6   25   25
  6  4    5   25   25    3   35   35    4   45   45    7   20   20
  7  4    6   20   20    8   10   10    9   15   15   46   35   35
  8  4    7   10   10    9    5    5   47   15   15   46   10   10
  9  3    7   15   15    8    5    5   48   15   15
 10  3   47   15   15   45   20   20   11   30   30
 11  3   10   30   30   42   20   20   41   35   35
 12  2   44   30   30   37   30   30
 13  4    2   55   55    3   50   50   28   55    0   29   60    0
 14  3   40   50   50   30   50    0   33   40    0
 15  2   18   40   40   28   10    0
 16  2   17   40   40   27   10    0
 17  2   16   40   40   18   45   45
 18  3    1   10   10   17   45   45   15   40   40
 19  2   20   55    0   32   20    0
 20  2   19   55    0   21   10    0
 21  3   20   10    0   22   15    0   31   85    0
 22  2   21   15    0   23   20    0
 23  2   22   20    0   24   30    0
 24  2   23   30    0   25   15    0
 25  2   24   15    0   26   30    0
 26  2   25   30    0   27   35    0
 27  2   26   35    0   16   10    0
 28  2   15   10    0   13   55    0
 29  2   30   10    0   13   60    0
 30  3   29   10    0   14   50    0   31   15    0
 31  2   21   85    0   30   15    0
 32  2   19   20    0   34   90    0
 33  3   35   20    0   34   10    0   14   40    0
 34  2   32   90    0   33   10    0
 35  2   33   20    0   40   45   45
 36  2   38   55   55   48   55   55
 37  3   12   30   30   41   35   35   49   40    0
 38  2   39    5    5   36   55   55
 39  2   42   45   45   38    5    5
 40  4   14   50   50   35   45   45   43   40   40   49   60    0
 41  3   11   35   35   37   35   35   42   10   10
 42  3   11   20   20   39   45   45   41   10   10
 43  3    4   80   80   40   40   40   44   20   20
 44  3   12   30   30   43   20   20   45   20   20
 45  3   10   20   20   44   20   20   46   10   10
 46  4    8   10   10    7   35   35   45   10   10   47   10   10
 47  4    8   15   15   10   15   15   46   10   10   48    5    5
 48  3    9   15   15   36   55   55   47    5    5
 49  2   40   60    0   37   40    0
