73
94
300
30
  1  3    7   30    0    8   35    0   34   85   85
  2  2    3   15    0   43    5    5
  3  2    2   15    0    4   20    0
  4  2    3   20    0    5   20    0
  5  2    4   20    0    6   70    0
  6  2    5   70    0    7   20    0
  7  2    6   20    0    1   30    0
  8  2    1   35    0    9   10    0
  9  2    8   10    0   73   30    0
 10  3   13   10    0   42   20   20   11   15   15
 11  3   12   20    0   42   10   10   10   15   15
 12  2   11   20    0   43   40   40
 13  2   10   10    0   14   50    0
 14  2   13   50    0   57   65    0
 15  2   53   15    0   16   30    0
 16  2   15   30    0   17  130    0
 17  3   20   95    0   22   35    0   16  130    0
 18  1   19   85   85
 19  3   18   85   85   20    5    5   21   80   80
 20  2   17   95    0   19    5    5
 21  4   19   80   80   23   90   90   26   85   85   60   75   75
 22  2   17   35    0   23   25   25
 23  4   21   90   90   22   25   25   47  170  170   24   10   10
 24  3   23   10   10   46   95   95   25   90   90
 25  4   24   90   90   32   35   35   31   20   20   26   15   15
 26  3   21   85   85   25   15   15   27   20   20
 27  3   26   20   20   31   15   15   28   70   70
 28  3   27   70   70   29   50   50   59   55   55
 29  2   58   45    0   28   50   50
 30  2   31   10   10   32   15   15
 31  4   25   20   20   27   15   15   30   10   10   33   65   65
 32  4   25   35   35   30   15   15   35   35   35   37  105  105
 33  3   31   65   65   34   15   15   58   35   35
 34  2   33   15   15    1   85   85
 35  3   32   35   35   38   40   40   36   95   95
 36  3   35   95   95   41   30   30   37   10   10
 37  3   32  105  105   36   10   10   43   40   40
 38  3   35   40   40   44   40   40   39   30   30
 39  3   38   30   30   50   25   25   40   55   55
 40  3   39   55   55   57   55   55   41   45   45
 41  3   36   30   30   40   45   45   42   15   15
 42  4   41   15   15   10   20   20   11   10   10   43   10   10
 43  4   37   40   40   42   10   10   12   40   40    2    5    5
 44  3   38   40   40   50   15   15   45   10   10
 45  3   44   10   10   46   75   75   48   60   60
 46  3   24   95   95   45   75   75   49   60   60
 47  3   23  170  170   54   15    0   55    5    0
 48  3   45   60   60   49   85    0   52   70    0
 49  3   46   60   60   55   30    0   48   85    0
 50  3   39   25   25   44   15   15   56   65    0
 51  2   56   10    0   52   45    0
 52  2   51   45    0   48   70    0
 53  2   15   15    0   54   10    0
 54  2   53   10    0   47   15    0
 55  2   49   30    0   47    5    0
 56  3   51   10    0   57   25    0   50   65    0
 57  3   14   65    0   40   55   55   56   25    0
 58  3   29   45    0   33   35   35   61   70    0
 59  3   28   55   55   63   30    0   64   35    0
 60  2   21   75   75   65   40    0
 61  2   58   70    0   63   15    0
 62  2   66   15    0   73   70    0
 63  2   59   30    0   61   15    0
 64  2   59   35    0   65   10    0
 65  3   60   40    0   64   10    0   68   25    0
 66  2   62   15    0   72   15    0
 67  2   70    5    0   69   35    0
 68  2   65   25    0   69   10    0
 69  2   67   35    0   68   10    0
 70  2   67    5    0   71    5    0
 71  2   70    5    0   72    5    0
 72  2   66   15    0   71    5    0
 73  2    9   30    0   62   70    0
