74
98
300
50
  1  2    7   20    0   63   25    0
  2  2   11   85    0   34   20   20
  3  2   14   25    0   34   20   20
  4  4    7  135    0   13   35    0   32  100  100   45   60   60
  5  3   12   20    0   13   30    0   44   45   45
  6  3   11   30    0   12   50    0   43   30   30
  7  2    1   20    0    4  135    0
  8  2    9   15    0   11   25    0
  9  2    8   15    0   10   15    0
 10  2    9   15    0   14   10    0
 11  3    8   25    0    6   30    0    2   85    0
 12  2    6   50    0    5   20    0
 13  2    5   30    0    4   35    0
 14  2   10   10    0    3   25    0
 15  3   16   10    0   17  115    0   39   70   70
 16  2   15   10    0   36  100  100
 17  2   15  115    0   31   30    0
 18  2   31   30    0   39   60   60
 19  3   30   10    0   20  100  100   52  140  140
 20  3   28   35    0   19  100  100   52  120  120
 21  4   22   55    0   73   45   45   52   75   75   68   35   35
 22  2   21   55    0   27   10    0
 23  2   72   60    0   26   10    0
 24  2   25   10    0   26   40    0
 25  3   24   10    0   28   35    0   29   50    0
 26  3   24   40    0   23   10    0   27   10    0
 27  3   26   10    0   22   10    0   28   15    0
 28  3   25   35    0   27   15    0   20   35    0
 29  2   25   50    0   30   60    0
 30  3   29   60    0   19   10    0   31   10    0
 31  3   17   30    0   30   10    0   18   30    0
 32  3   63  120  120    4  100  100   33   10   10
 33  3   32   10   10   62   40   40   56   65   65
 34  3    2   20   20    3   20   20   37   40   40
 35  1   36   35   35
 36  3   35   35   35   16  100  100   37   10   10
 37  3   34   40   40   36   10   10   38   30   30
 38  3   37   30   30   39   30   30   41   50   50
 39  4   38   30   30   15   70   70   18   60   60   40   60   60
 40  4   39   60   60   41   30   30   42   20   20   51  110  110
 41  3   38   50   50   40   30   30   42   40   40
 42  3   41   40   40   40   20   20   48   20   20
 43  2    6   30   30   47   55   55
 44  2    5   45   45   46   40   40
 45  2    4   60   60   46   20   20
 46  4   45   20   20   44   40   40   47   10   10   49   20   20
 47  3   46   10   10   43   55   55   48   20   20
 48  3   47   20   20   42   20   20   49   20   20
 49  3   46   20   20   48   20   20   50   70   70
 50  2   49   70   70   51   10   10
 51  3   50   10   10   40  110  110   54   10   10
 52  4   19  140  140   20  120  120   21   75   75   53   15   15
 53  4   52   15   15   54   25   25   55   20   20   60   20   20
 54  3   51   10   10   53   25   25   55   10   10
 55  3   54   10   10   53   20   20   57   15   15
 56  2   33   65   65   57   35   35
 57  3   56   35   35   55   15   15   59   10   10
 58  3   62   10   10   59   75   75   61   10   10
 59  3   58   75   75   57   10   10   60   20   20
 60  3   59   20   20   53   20   20   67   95   95
 61  2   58   10   10   66   50   50
 62  2   33   40   40   58   10   10
 63  2   32  120  120    1   25    0
 64  2   67   10   10   65   15    0
 65  3   66   20   20   71   10    0   64   15    0
 66  2   61   50   50   65   20   20
 67  3   60   95   95   64   10   10   68   50   50
 68  3   21   35   35   67   50   50   74   65   65
 69  2   74   55    0   70   45    0
 70  2   69   45    0   71   15    0
 71  2   70   15    0   65   10    0
 72  2   23   60    0   73   10    0
 73  3   21   45   45   72   10    0   74   25    0
 74  3   68   65   65   69   55    0   73   25    0
