93
141
300
49
  1  4    8    5    5    6   30   30   27    5    5   45  160  160
  2  3    8   15   15    3   10   10   29   20   20
  3  1    2   10   10
  4  3    7   70   70   91   45   45   45  100  100
  5  2   92   65   65   11   15    0
  6  3    7   85   85    1   30   30    9   60    0
  7  4    4   70   70    6   85   85   10   60    0   45  100  100
  8  3    1    5    5    2   15   15   27    5    5
  9  2    6   60    0   10   75    0
 10  3    7   60    0    9   75    0   11   10    0
 11  2   10   10    0    5   15    0
 12  4   25   75    0   59   70   70   65   55   55   60   25   25
 13  3   24   40    0   25   70    0   59  120  120
 14  3   15   50    0   22   10    0   46  150  150
 15  3   18   75    0   14   50    0   36  150  150
 16  4   18   70    0   34   70   70   36   30   30   35   20   20
 17  3   18   25    0   19   20    0   32   15   15
 18  4   17   25    0   15   75    0   16   70    0   34   10   10
 19  2   17   20    0   20   75    0
 20  2   19   75    0   21   40    0
 21  2   20   40    0   22   25    0
 22  3   21   25    0   23   50    0   14   10    0
 23  2   22   50    0   24   45    0
 24  2   23   45    0   13   40    0
 25  2   13   70    0   12   75    0
 26  3   82   25   25   81   55   55   48   15   15
 27  3    8    5    5    1    5    5   30   20   20
 28  1   29   15   15
 29  4    2   20   20   28   15   15   31   10   10   30   15   15
 30  4   27   20   20   29   15   15   32   15   15   33   20   20
 31  2   29   10   10   32   10   10
 32  4   30   15   15   31   10   10   17   15   15   34   25   25
 33  3   30   20   20   34   25   25   35   90   90
 34  4   32   25   25   33   25   25   18   10   10   16   70   70
 35  3   33   90   90   16   20   20   37   30   30
 36  4   16   30   30   15  150  150   46   40   40   37   15   15
 37  3   35   30   30   36   15   15   38   25   25
 38  3   37   25   25   40   15   15   39    5    5
 39  3   38    5    5   40   20   20   45   15   15
 40  4   38   15   15   39   20   20   46   30   30   41   15   15
 41  3   40   15   15   57   15   15   42   20   20
 42  3   41   20   20   50   25   25   43   10   10
 43  3   42   10   10   50   20   20   44   10   10
 44  3   43   10   10   49   10   10   45   20   20
 45  5    7  100  100    4  100  100    1  160  160   39   15   15   44   20   20
 46  5   36   40   40   40   30   30   14  150  150   58   40   40   57   40   40
 47  4   48   30   30   49   35   35   51   30   30   54   20   20
 48  3   26   15   15   47   30   30   49   35   35
 49  3   44   10   10   47   35   35   48   35   35
 50  4   42   25   25   43   20   20   56    5    5   51    5    5
 51  4   47   30   30   50    5    5   56    5    5   52    5    5
 52  3   51    5    5   55   10   10   53   15   15
 53  3   52   15   15   63   60   60   54   35   35
 54  3   47   20   20   53   35   35   62  105  105
 55  4   52   10   10   56    5    5   58   40   40   60   70   70
 56  4   50    5    5   51    5    5   55    5    5   57   40   40
 57  4   41   15   15   46   40   40   56   40   40   58    5    5
 58  4   46   40   40   55   40   40   57    5    5   59   10   10
 59  3   58   10   10   13  120  120   12   70   70
 60  4   55   70   70   12   25   25   65   60   60   64   50   50
 61  3   88   70   70   73    5    0   74   50    0
 62  3   87   80   80   54  105  105   72   10    0
 63  3   53   60   60   64   35    0   71   45    0
 64  3   60   50   50   68   20    0   63   35    0
 65  3   12   55   55   60   60   60   66    5    0
 66  2   65    5    0   67    5    0
 67  2   66    5    0   68   45    0
 68  3   67   45    0   64   20    0   69   10    0
 69  2   68   10    0   70   25    0
 70  2   69   25    0   71   20    0
 71  3   63   45    0   70   20    0   72   50    0
 72  3   71   50    0   73   20    0   62   10    0
 73  2   72   20    0   61    5    0
 74  2   61   50    0   75   50    0
 75  3   76   30   30   74   50    0   89   30   30
 76  2   75   30   30   89   30   30
 77  3   88   10   10   78  100    0   90  140    0
 78  3   83   20   20   86   35   35   77  100    0
 79  3   80   55   55   92   45    0   90   75    0
 80  3   84   15   15   79   55   55   85   10   10
 81  3   26   55   55   91   60   60   84   10   10
 82  3   26   25   25   83   10   10   84   40   40
 83  4   78   20   20   82   10   10   86   35   35   87   50   50
 84  4   80   15   15   82   40   40   81   10   10   85   10   10
 85  3   84   10   10   80   10   10   86   15   15
 86  3   83   35   35   85   15   15   78   35   35
 87  3   62   80   80   83   50   50   88   60   60
 88  4   61   70   70   87   60   60   77   10   10   89   10   10
 89  3   75   30   30   88   10   10   76   30   30
 90  2   77  140    0   79   75    0
 91  3    4   45   45   81   60   60   92   10   10
 92  4    5   65   65   79   45    0   91   10   10   93   25   25
 93  1   92   25   25
