56
76
300
44
  1  3    2   30   30    4  140  140   11   40   40
  2  1    1   30   30
  3  2    4   20    0   56   10    0
  4  2    1  140  140    3   20    0
  5  2   17   10    0   47   15    0
  6  2    7   90    0    9   25    0
  7  3    6   90    0    8   55    0   15   20    0
  8  3    7   55    0   10   35    0   12   50    0
  9  3    6   25    0   18   25   25   19   30   30
 10  3    8   35    0   42   50   50   16   10   10
 11  3   45   45   45    1   40   40   31   30   30
 12  3   29   50    0    8   50    0   14   35   35
 13  3   26   45   45   14   20   20   43   30   30
 14  4   13   20   20   25   35   35   12   35   35   42   40   40
 15  2    7   20    0   16   50   50
 16  3   10   10   10   15   50   50   41   45   45
 17  2    5   10    0   19   60   60
 18  1    9   25   25
 19  3    9   30   30   17   60   60   20   10   10
 20  3   41   65   65   19   10   10   40   35   35
 21  1   32   10   10
 22  1   32   10   10
 23  1   27   30   30
 24  1   30   20   20
 25  3   14   35   35   28   15   15   26   25   25
 26  4   13   45   45   25   25   25   27   25   25   31   80   80
 27  3   23   30   30   26   25   25   30   25   25
 28  3   30   30   30   25   15   15   29   25   25
 29  2   12   50    0   28   25   25
 30  3   28   30   30   24   20   20   27   25   25
 31  3   11   30   30   26   80   80   32   10   10
 32  3   22   10   10   21   10   10   31   10   10
 33  3   46   75   75   55   70    0   56   55    0
 34  3   45   40   40   46   70   70   55  120    0
 35  3   36   50   50   43   10   10   53  150    0
 36  4   41   40   40   39   75   75   35   50   50   52  150    0
 37  3   39   70   70   51   70    0   52   30    0
 38  3   39   25   25   40   20   20   50   15    0
 39  5   40   30   30   38   25   25   36   75   75   37   70   70   51   10    0
 40  4   20   35   35   39   30   30   38   20   20   41   75   75
 41  5   16   45   45   36   40   40   20   65   65   40   75   75   42   40   40
 42  4   14   40   40   10   50   50   41   40   40   43   25   25
 43  4   13   30   30   42   25   25   44   50   50   35   10   10
 44  2   43   50   50   45   45   45
 45  3   11   45   45   44   45   45   34   40   40
 46  2   34   70   70   33   75   75
 47  2    5   15    0   48   15    0
 48  2   47   15    0   49   10    0
 49  2   48   10    0   50   10    0
 50  3   49   10    0   38   15    0   51   25    0
 51  3   50   25    0   39   10    0   37   70    0
 52  3   37   30    0   36  150    0   53   40    0
 53  3   52   40    0   35  150    0   54   40    0
 54  2   53   40    0   55   10    0
 55  3   54   10    0   34  120    0   33   70    0
 56  2    3   10    0   33   55    0
