80
113
300
45
  1  2    2   50   50   76  115  115
  2  4    1   50   50   14   50   50   48   55   55   50   50   50
  3  3   14    5    5    4   20   20   43   35   35
  4  3   13   10   10    3   20   20    5   50   50
  5  3    4   50   50    6   20   20   12   45   45
  6  4    5   20   20    7   25   25   12   30   30   42   30   30
  7  3    6   25   25    8   10   10   41   35   35
  8  3    7   10   10   11   20   20    9   45   45
  9  3    8   45   45   10    5    5   22   75   75
 10  3    9    5    5   80    5    5   78   10   10
 11  2   12   35   35    8   20   20
 12  3    5   45   45   11   35   35    6   30   30
 13  1    4   10   10
 14  2    2   50   50    3    5    5
 15  3   16   10    0   20   65    0   28   35    0
 16  3   15   10    0   17    5    0   35   15    0
 17  2   16    5    0   19   50    0
 18  2   20   40    0   32   25    0
 19  4   17   50    0   22   60   60   75   15   15   78   65   65
 20  3   15   65    0   18   40    0   25  125  125
 21  3   22   10   10   26   60   60   71   70   70
 22  5   21   10   10   19   60   60   38   40   40    9   75   75   41   35   35
 23  4   30   40   40   24   15   15   40    5    5   39   20   20
 24  3   23   15   15   29   25   25   25   25   25
 25  3   20  125  125   29   25   25   24   25   25
 26  2   21   60   60   29   20   20
 27  3   28    5    5   35   15    0   38   35   35
 28  3   27    5    5   29   65    0   15   35    0
 29  4   26   20   20   24   25   25   25   25   25   28   65    0
 30  3   23   40   40   34   15    0   31  100    0
 31  2   32   10    0   30  100    0
 32  2   31   10    0   18   25    0
 33  2   34   10    0   37   80    0
 34  2   33   10    0   30   15    0
 35  2   27   15    0   16   15    0
 36  2   53   30    0   54   25    0
 37  2   33   80    0   59   70    0
 38  2   27   35   35   22   40   40
 39  2   23   20   20   64   40   40
 40  2   23    5    5   63    5    5
 41  3   22   35   35   42   35   35    7   35   35
 42  4   41   35   35    6   30   30   45   40   40   43   65   65
 43  3   42   65   65   44   50   50    3   35   35
 44  3   43   50   50   67   25   25   46   25   25
 45  2   42   40   40   71   20   20
 46  3   44   25   25   66    5    5   47    5    5
 47  4   46    5    5   74    5    5   68   10   10   48   55   55
 48  3   47   55   55   49   10   10    2   55   55
 49  3   48   10   10   52   30   30   50   30   30
 50  3   49   30   30   77   30   30    2   50   50
 51  2   53   40    0   77   45   45
 52  3   49   30   30   65   50   50   62   90   90
 53  3   51   40    0   36   30    0   56   40   40
 54  2   36   25    0   55   30   30
 55  3   54   30   30   56   10   10   58   20   20
 56  3   53   40   40   55   10   10   61   15   15
 57  1   58   20   20
 58  4   55   20   20   57   20   20   60   15   15   59   25   25
 59  2   37   70    0   58   25   25
 60  3   58   15   15   61   10   10   63   90   90
 61  3   56   15   15   60   10   10   62   15   15
 62  3   52   90   90   61   15   15   65   60   60
 63  3   40    5    5   60   90   90   68   80   80
 64  3   39   40   40   69   20   20   70   25   25
 65  3   52   50   50   62   60   60   68   15   15
 66  3   46    5    5   67   10   10   74    5    5
 67  3   44   25   25   66   10   10   73    5    5
 68  4   47   10   10   63   80   80   65   15   15   69   10   10
 69  4   64   20   20   68   10   10   74   10   10   70   15   15
 70  4   64   25   25   69   15   15   72    5    5   71   10   10
 71  4   21   70   70   45   20   20   70   10   10   72   10   10
 72  3   70    5    5   71   10   10   73    5    5
 73  3   67    5    5   72    5    5   74   10   10
 74  4   47    5    5   66    5    5   69   10   10   73   10   10
 75  1   19   15   15
 76  2   77   10   10    1  115  115
 77  3   50   30   30   51   45   45   76   10   10
 78  4   10   10   10   19   65   65   79   20   20   80   10   10
 79  1   78   20   20
 80  2   10    5    5   78   10   10
