74
103
300
21
  1  3    3   45    0    5    5    0   74   70    0
  2  3    4   60    0    8   85   85   69   25    0
  3  2    1   45    0   11   30   30
  4  2    2   60    0    5   15    0
  5  2    4   15    0    1    5    0
  6  4   64   75   75   40  115  115   17  135  135   15   90   90
  7  2   14   20   20   15   20   20
  8  3    2   85   85    9   10   10   30    5    5
  9  3    8   10   10   10   25   25   31   15   15
 10  3    9   25   25   11   45   45   12   30   30
 11  4   10   45   45    3   30   30   73   60   60   50   40   40
 12  3   10   30   30   50   35   35   33   55   55
 13  2   49   50   50   27   30   30
 14  3   43   35   35    7   20   20   15   10   10
 15  4   14   10   10    7   20   20   20   70   70    6   90   90
 16  4   17    5    5   18    5    5   19    5    5   22   10   10
 17  4   16    5    5   18    5    5   38   25   25    6  135  135
 18  4   17    5    5   16    5    5   19    5    5   20   20   20
 19  3   18    5    5   16    5    5   21   10   10
 20  3   15   70   70   18   20   20   21   40   40
 21  4   20   40   40   19   10   10   22   20   20   23   25   25
 22  4   21   20   20   16   10   10   35   15   15   38   30   30
 23  3   41   85   85   21   25   25   24   50   50
 24  3   23   50   50   46   50   50   29   50   50
 25  2   48   20   20   45   60   60
 26  2   48    5    5   28   30   30
 27  2   13   30   30   28   10   10
 28  3   27   10   10   26   30   30   29   10   10
 29  3   28   10   10   24   50   50   34   40   40
 30  2    8    5    5   32   10   10
 31  2    9   15   15   32    5    5
 32  4   30   10   10   31    5    5   34   30   30   37   40   40
 33  2   12   55   55   34   10   10
 34  4   32   30   30   33   10   10   29   40   40   36   40   40
 35  3   22   15   15   36   30   30   37   40   40
 36  3   34   40   40   35   30   30   37   20   20
 37  4   32   40   40   36   20   20   35   40   40   39   80   80
 38  3   22   30   30   17   25   25   39   55   55
 39  4   37   80   80   38   55   55   40   15   15   67   10   10
 40  3   39   15   15   67    5    5    6  115  115
 41  3   23   85   85   47  125  125   42   20    0
 42  2   41   20    0   43   70    0
 43  2   14   35   35   42   70    0
 44  2   47  140  140   63   65    0
 45  3   25   60   60   47   20    0   46   30    0
 46  3   47   20   20   24   50   50   45   30    0
 47  4   44  140  140   41  125  125   46   20   20   45   20    0
 48  3   25   20   20   26    5    5   54   80    0
 49  3   13   50   50   53   15    0   54   10    0
 50  3   12   35   35   11   40   40   53   15    0
 51  3   52    5    0   54    5    0   55    5    0
 52  2   51    5    0   53    5    0
 53  3   50   15    0   52    5    0   49   15    0
 54  4   48   80    0   49   10    0   51    5    0   57   15    0
 55  2   51    5    0   56    5    0
 56  2   55    5    0   57    5    0
 57  3   54   15    0   56    5    0   58   80    0
 58  2   57   80    0   59   60    0
 59  2   58   60    0   60   15    0
 60  2   59   15    0   61   10    0
 61  2   60   10    0   62    5    0
 62  2   61    5    0   63   50    0
 63  2   62   50    0   44   65    0
 64  2    6   75   75   72   75    0
 65  3   66   65   65   67   30   30   71   45    0
 66  2   65   65   65   68   10    0
 67  4   39   10   10   40    5    5   65   30   30   70   45    0
 68  2   69   10    0   66   10    0
 69  2   68   10    0    2   25    0
 70  2   67   45    0   72   10    0
 71  2   65   45    0   72    5    0
 72  3   71    5    0   70   10    0   64   75    0
 73  2   11   60   60   74   10    0
 74  2    1   70    0   73   10    0
