49
73
300
24
  1  2   43   15    0    2   55    0
  2  3    5   50    0   18   45    0    1   55    0
  3  1    4   40   40
  4  4    3   40   40    5   30   30    7   50   50    6   50   50
  5  2    2   50    0    4   30   30
  6  2   11   95    0    4   50   50
  7  4    4   50   50   17   60   60    9   50   50    8   20   20
  8  3    7   20   20    9   30   30   10  100  100
  9  3    7   50   50    8   30   30   15   40   40
 10  4    8  100  100   12   55   55   44   60   60   11   50   50
 11  2    6   95    0   10   50   50
 12  3   10   55   55   14   40   40   44   70   70
 13  4   45   60   60   14   15   15   26   10   10   23   15   15
 14  4   12   40   40   13   15   15   15   20   20   26   10   10
 15  4    9   40   40   14   20   20   16   15   15   27   10   10
 16  3   15   15   15   17   60   60   27   10   10
 17  4    7   60   60   16   60   60   18   15   15   19   75   75
 18  2    2   45    0   17   15   15
 19  4   17   75   75   33   90   90   34   65   65   20    5    5
 20  3   19    5    5   28   55   55   21   45   45
 21  3   20   45   45   22   20   20   25   20   20
 22  4   21   20   20   28   45   45   23   10   10   25   15   15
 23  4   13   15   15   22   10   10   25   15   15   24   25   25
 24  2   23   25   25   29   45   45
 25  4   21   20   20   22   15   15   23   15   15   26   10   10
 26  4   13   10   10   14   10   10   25   10   10   27   10   10
 27  3   15   10   10   16   10   10   26   10   10
 28  4   20   55   55   22   45   45   35   55   55   29   50   50
 29  3   24   45   45   28   50   50   30   40   40
 30  3   29   40   40   31   40   40   32   20   20
 31  3   30   40   40   35   50   50   36   60   60
 32  3   30   20   20   48   55   55   49   65   65
 33  3   19   90   90   39    5    0   40   30    0
 34  3   19   65   65   35   50   50   37   10    0
 35  4   28   55   55   31   50   50   34   50   50   36   30    0
 36  3   31   60   60   35   30    0   37   60    0
 37  3   36   60    0   34   10    0   38   50    0
 38  2   37   50    0   39    5    0
 39  2   38    5    0   33    5    0
 40  2   33   30    0   41   60    0
 41  2   40   60    0   42    5    0
 42  2   41    5    0   43   25    0
 43  2    1   15    0   42   25    0
 44  3   10   60   60   12   70   70   47   90    0
 45  3   13   60   60   46   20    0   47   20    0
 46  3   49   35    0   45   20    0   47   10    0
 47  3   46   10    0   45   20    0   44   90    0
 48  2   32   55   55   49   70    0
 49  3   32   65   65   46   35    0   48   70    0
