53
72
300
30
  1  1    2   25   25
  2  3    1   25   25    3    5    5   26   20   20
  3  3    2    5    5    4   60   60   25   30   30
  4  3    3   60   60   10   30   30   24   55   55
  5  3   10    5    5    6    5    5   28  120  120
  6  3    5    5    5    7   50   50   18   60   60
  7  4    6   50   50    9   10   10   53   60   60   17   45   45
  8  2   53   30   30    9   50    0
  9  2    7   10   10    8   50    0
 10  2    4   30   30    5    5    5
 11  2   42   55    0   48  100    0
 12  2   39   15    0   40   15    0
 13  2   24   35    0   27   70    0
 14  2   25   25    0   26   15    0
 15  3   52   35   35   53   25   25   16   10   10
 16  3   15   10   10   21   50   50   43  150  150
 17  3    7   45   45   18    5    5   23   15   15
 18  3   17    5    5    6   60   60   19   15   15
 19  3   18   15   15   20    5    5   23    5    5
 20  3   19    5    5   31   25   25   21   15   15
 21  3   16   50   50   20   15   15   22   15   15
 22  3   53   50   50   21   15   15   23   20   20
 23  3   17   15   15   19    5    5   22   20   20
 24  2   13   35    0    4   55   55
 25  2   14   25    0    3   30   30
 26  2   14   15    0    2   20   20
 27  2   13   70    0   28   20   20
 28  3    5  120  120   27   20   20   29   25   25
 29  4   28   25   25   34   15   15   32   80   80   30   70   70
 30  2   29   70   70   31   10   10
 31  3   20   25   25   30   10   10   33   70   70
 32  4   29   80   80   35   80   80   45   90   90   33   45   45
 33  3   31   70   70   32   45   45   44  115  115
 34  3   29   15   15   38  105  105   35   45   45
 35  4   32   80   80   34   45   45   36   65   65   37   20   20
 36  3   35   65   65   38   15   15   37   65   65
 37  4   35   20   20   36   65   65   47   80   80   46   95   95
 38  4   34  105  105   36   15   15   39   20   20   41    5    5
 39  2   12   15    0   38   20   20
 40  2   12   15    0   41   15   15
 41  3   38    5    5   40   15   15   42   65   65
 42  2   11   55    0   41   65   65
 43  2   16  150  150   51   40    0
 44  3   33  115  115   45   25    0   50   20    0
 45  3   32   90   90   49   55    0   44   25    0
 46  3   37   95   95   47   25    0   49   20    0
 47  3   37   80   80   48   10    0   46   25    0
 48  2   11  100    0   47   10    0
 49  2   46   20    0   45   55    0
 50  2   44   20    0   51   15    0
 51  2   43   40    0   50   15    0
 52  2   15   35   35   53   40   40
 53  5    7   60   60    8   30   30   22   50   50   15   25   25   52   40   40

