85
126
300
13
  1  3    2   15   15    9   40   40   44    5    5
  2  4    1   15   15    8   20   20   43   20   20   56   15   15
  3  3    7   55   55    6   20   20   42   75   75
  4  2    5   10   10   10  100    0
  5  3    6   25   25    4   10   10   42   30   30
  6  2    3   20   20    5   25   25
  7  2    8   25   25    3   55   55
  8  2    2   20   20    7   25   25
  9  2    1   40   40   27   10   10
 10  2    4  100    0   39   60    0
 11  4   12    5    5   17   15   15   63    5    5   62    5    5
 12  3   11    5    5   13    5    5   61    5    5
 13  4   12    5    5   16    5    5   60   15   15   61   10   10
 14  4   15   10   10   16   35   35   57   10   10   55   15   15
 15  3   14   10   10   18   25   25   54   10   10
 16  3   14   35   35   13    5    5   53   15   15
 17  4   11   15   15   84   15   15   51   20   20   61   15   15
 18  3   15   25   25   19   10   10   22   40   40
 19  3   18   10   10   23   35   35   54   25   25
 20  3   21   15   15   23   30   30   54   60   60
 21  2   20   15   15   24   70   70
 22  1   18   40   40
 23  2   19   35   35   20   30   30
 24  2   21   70   70   26   35    0
 25  2   81   85    0   26   15    0
 26  2   24   35    0   25   15    0
 27  3    9   10   10   45   30   30   64   25   25
 28  3   76   30   30   75   40   40   29   15   15
 29  2   85   40    0   28   15   15
 30  3   52   15   15   53   35   35   74   15   15
 31  3   32   35   35   34   15   15   35   40   40
 32  3   31   35   35   55   15   15   33   25   25
 33  3   32   25   25   43   50   50   41  110  110
 34  2   31   15   15   35   20   20
 35  3   31   40   40   34   20   20   36  105  105
 36  3   35  105  105   37    5    5   38   10   10
 37  2   36    5    5   38    5    5
 38  3   36   10   10   37    5    5   39   65   65
 39  2   10   60    0   38   65   65
 40  2   42   40    0   41   65   65
 41  3   33  110  110   40   65   65   42   20   20
 42  4   40   40    0    5   30   30    3   75   75   41   20   20
 43  4   33   50   50   55   15   15   56   10   10    2   20   20
 44  3    1    5    5   59   20   20   45   10   10
 45  3   27   30   30   44   10   10   46   10   10
 46  4   45   10   10   59   15   15   48    5    5   47    5    5
 47  3   64   25   25   46    5    5   48    5    5
 48  4   46    5    5   47    5    5   60   25   25   49   25   25
 49  4   48   25   25   62   10   10   63    5    5   50    5    5
 50  4   69   25   25   75   25   25   49    5    5   51   10   10
 51  3   50   10   10   63    5    5   17   20   20
 52  3   30   15   15   61    5    5   53   15   15
 53  3   30   35   35   52   15   15   16   15   15
 54  3   20   60   60   19   25   25   15   10   10
 55  3   32   15   15   43   15   15   14   15   15
 56  3   43   10   10    2   15   15   57   10   10
 57  3   14   10   10   56   10   10   58   15   15
 58  3   57   15   15   60   15   15   59   10   10
 59  3   44   20   20   46   15   15   58   10   10
 60  4   48   25   25   58   15   15   13   15   15   62   10   10
 61  4   17   15   15   52    5    5   13   10   10   12    5    5
 62  4   49   10   10   60   10   10   11    5    5   63    5    5
 63  4   49    5    5   51    5    5   11    5    5   62    5    5
 64  3   27   25   25   47   25   25   69   50   50
 65  3   71   10   10   66    5    0   72   55    0
 66  2   68   10   10   65    5    0
 67  2   68   25   25   70   20   20
 68  4   67   25   25   66   10   10   71   15   15   70   20   20
 69  5   50   25   25   64   50   50   70   80   80   76   15   15   75   15   15
 70  4   67   20   20   68   20   20   69   80   80   71   25   25
 71  4   68   15   15   65   10   10   70   25   25   72   55   55
 72  3   65   55    0   71   55   55   80   50    0
 73  3   76  140  140   79   15    0   80   15    0
 74  2   30   15   15   84   15   15
 75  4   28   40   40   50   25   25   84   30   30   69   15   15
 76  3   28   30   30   73  140  140   69   15   15
 77  3   81   30    0   82   30    0   78   10    0
 78  2   77   10    0   79   80    0
 79  2   78   80    0   73   15    0
 80  2   73   15    0   72   50    0
 81  3   25   85    0   77   30    0   82   35    0
 82  3   77   30    0   81   35    0   83   10    0
 83  2   82   10    0   85   30    0
 84  4   17   15   15   74   15   15   75   30   30   85   70   70
 85  3   29   40    0   83   30    0   84   70   70
