60
80
300
54
  1  2    2   10    0   59   40    0
  2  2    1   10    0    3  160  160
  3  3    4  140    0    5   65   65    2  160  160
  4  3    3  140    0   22   20   20   21   20    0
  5  2    3   65   65    6   50   50
  6  3    5   50   50    7    5    5   52   20   20
  7  3    6    5    5    8   10   10   58   30   30
  8  3    7   10   10    9   15   15   57   15   15
  9  3    8   15   15   10   60   60   57   10   10
 10  3    9   60   60   11   80   80   51   25   25
 11  4   10   80   80   12    5    5   14   15   15   48    5    5
 12  4   11    5    5   13    5    5   47    5    5   48    5    5
 13  3   12    5    5   17    5    5   47    5    5
 14  4   11   15   15   17    5    5   19   10   10   20   80   80
 15  3   19   15   15   16    5    5   18   15   15
 16  3   15    5    5   17    5    5   47   25   25
 17  3   13    5    5   14    5    5   16    5    5
 18  1   15   15   15
 19  3   14   10   10   15   15   15   28   50    0
 20  2   14   80   80   26   20    0
 21  3   22   30   30   27   50    0    4   20    0
 22  4   21   30   30    4   20   20   26   60    0   58   60   60
 23  2   27   50    0   24   10    0
 24  2   23   10    0   25   10    0
 25  2   24   10    0   28   30    0
 26  2   22   60    0   20   20    0
 27  2   23   50    0   21   50    0
 28  2   25   30    0   19   50    0
 29  2   32   20    0   44   25   25
 30  2   32   10    0   43   25   25
 31  1   46   20   20
 32  2   30   10    0   29   20    0
 33  2   41   85    0   43   50   50
 34  3   35   10    0   40   15    0   50  120  120
 35  3   39   20    0   34   10    0   53  135  135
 36  3   60   50    0   37   60    0   52   95   95
 37  3   60   30    0   36   60    0   38   45    0
 38  2   37   45    0   39   25    0
 39  2   38   25    0   35   20    0
 40  2   34   15    0   41   20    0
 41  2   40   20    0   33   85    0
 42  3   51   55    0   49   75   75   50   35   35
 43  3   33   50   50   30   25   25   45   15   15
 44  3   29   25   25   45   10   10   49  160  160
 45  3   44   10   10   43   15   15   50  115  115
 46  2   31   20   20   47   30   30
 47  4   13    5    5   16   25   25   46   30   30   12    5    5
 48  3   11    5    5   12    5    5   49   40   40
 49  3   44  160  160   42   75   75   48   40   40
 50  4   42   35   35   45  115  115   34  120  120   54   75   75
 51  2   42   55    0   10   25   25
 52  3   36   95   95   53   20   20    6   20   20
 53  4   35  135  135   52   20   20   55    5    5   56    5    5
 54  2   50   75   75   55   15   15
 55  3   54   15   15   53    5    5   56    5    5
 56  3   55    5    5   53    5    5   57   10   10
 57  3    9   10   10   56   10   10    8   15   15
 58  2    7   30   30   22   60   60
 59  2   60   60    0    1   40    0
 60  3   36   50    0   37   30    0   59   60    0
