38
50
300
34
  1  3    8   45    0    9   45    0    3   40   40
  2  3    8   40    0    6    5    0   28   40   40
  3  4    4   80    0   21  110  110    1   40   40   28   20   20
  4  4    5   50    0    9   40    0    3   80    0   17  130  130
  5  2    4   50    0   38   80   80
  6  2    2    5    0    7   20    0
  7  2    6   20    0   12   30    0
  8  2    2   40    0    1   45    0
  9  2    4   40    0    1   45    0
 10  2   13   85    0   11   50    0
 11  3   10   50    0   14   15    0   25  165    0
 12  2   27   25    0    7   30    0
 13  2   10   85    0   29   55   55
 14  2   11   15    0   15   35   35
 15  3   14   35   35   37   80   80   16   50   50
 16  3   15   50   50   36   15   15   19   10   10
 17  3   35   10   10    4  130  130   18   10   10
 18  3   17   10   10   20   25   25   19   10   10
 19  3   16   10   10   18   10   10   22   25   25
 20  3   18   25   25   21   20   20   22   15   15
 21  2   20   20   20    3  110  110
 22  3   19   25   25   20   15   15   23  145  145
 23  4   22  145  145   28   65   65   26   15   15   24   15   15
 24  3   23   15   15   26   15   15   25   25   25
 25  2   11  165    0   24   25   25
 26  3   23   15   15   24   15   15   27   30   30
 27  2   12   25    0   26   30   30
 28  3   23   65   65    3   20   20    2   40   40
 29  2   13   55   55   37   85   85
 30  2   31   10   10   36   15   15
 31  2   35   20   20   30   10   10
 32  2   38   50   50   33   60   60
 33  3   38   30   30   32   60   60   34   45   45
 34  2   33   45   45   35   25   25
 35  3   17   10   10   34   25   25   31   20   20
 36  3   16   15   15   30   15   15   37   20   20
 37  3   15   80   80   36   20   20   29   85   85
 38  3    5   80   80   32   50   50   33   30   30

