78
110
300
56
  1  3    3   40   40   78   60   60   61   25   25
  2  2    3   10   10    8   10    0
  3  3    1   40   40    2   10   10    4    5    5
  4  3    6    5    5    3    5    5   65    5    5
  5  2   10   30    0   52   70   70
  6  3    4    5    5    7   25    0   65    5    5
  7  3   67   15    0    6   25    0    9    5    0
  8  2    9    5    0    2   10    0
  9  2    7    5    0    8    5    0
 10  2   66   30    0    5   30    0
 11  3   15   25   25   14  120    0   19   25   25
 12  2   13   40    0   52  125  125
 13  2   12   40    0   14   10    0
 14  2   13   10    0   11  120    0
 15  3   11   25   25   19   10    0   20   20    0
 16  2   51   30   30   75   15   15
 17  2   18   20   20   51    5    5
 18  2   21   15   15   17   20   20
 19  4   15   10    0   38    5    5   37   15   15   11   25   25
 20  3   22    5    0   15   20    0   32   10   10
 21  3   25   10    0   26   10   10   18   15   15
 22  2   20    5    0   23   10    0
 23  2   22   10    0   24    5    0
 24  2   23    5    0   25    5    0
 25  2   24    5    0   21   10    0
 26  3   21   10   10   27    5    5   50   25   25
 27  3   26    5    5   28    5    5   33   15   15
 28  3   27    5    5   29    5    5   34   15   15
 29  3   28    5    5   30    5    5   46   25   25
 30  3   29    5    5   31   15   15   35    5    5
 31  3   30   15   15   32    5    5   36   20   20
 32  3   31    5    5   20   10   10   37    5    5
 33  3   27   15   15   34    5    5   49   15   15
 34  4   33    5    5   28   15   15   47   15   15   48   15   15
 35  3   30    5    5   36   20   20   44   20   20
 36  3   35   20   20   31   20   20   41   20   20
 37  3   32    5    5   19   15   15   40   35   35
 38  3   19    5    5   39   35   35   40   25   25
 39  2   38   35   35   40   35   35
 40  4   37   35   35   38   25   25   39   35   35   41   10   10
 41  3   36   20   20   40   10   10   42   10   10
 42  3   41   10   10   43   30   30   52   70   70
 43  3   42   30   30   44   20   20   57   70   70
 44  4   35   20   20   43   20   20   45   20   20   53   50   50
 45  3   44   20   20   46    5    5   53   70   70
 46  4   29   25   25   45    5    5   47    5    5   76   40   40
 47  3   34   15   15   46    5    5   48   15   15
 48  4   34   15   15   47   15   15   49   20   20   68   20   20
 49  3   33   15   15   48   20   20   50    5    5
 50  3   26   25   25   49    5    5   51   10   10
 51  3   50   10   10   17    5    5   16   30   30
 52  4   42   70   70   12  125  125    5   70   70   57   80   80
 53  4   45   70   70   44   50   50   58   30   30   59   25   25
 54  3   55   30   30   61   30   30   63   20   20
 55  3   54   30   30   56   15   15   58   30   30
 56  2   55   15   15   57   10   10
 57  4   43   70   70   52   80   80   56   10   10   58   15   15
 58  4   53   30   30   57   15   15   55   30   30   59   20   20
 59  3   53   25   25   58   20   20   72   30   30
 60  1   73   35   35
 61  4   72   70   70   54   30   30    1   25   25   62   20   20
 62  2   61   20   20   64   20   20
 63  2   54   20   20   64   25   25
 64  3   62   20   20   63   25   25   65   10   10
 65  3   64   10   10    4    5    5    6    5    5
 66  2   10   30    0   67   80    0
 67  2    7   15    0   66   80    0
 68  4   48   20   20   75   45   45   76   45   45   70   40    0
 69  3   75   40   40   73    5    5   77   40    0
 70  3   71   80   80   68   40    0   77   20    0
 71  3   72   50   50   76   40   40   70   80   80
 72  4   59   30   30   61   70   70   71   50   50   78   80    0
 73  3   60   35   35   69    5    5   74   20   20
 74  1   73   20   20
 75  3   16   15   15   69   40   40   68   45   45
 76  3   46   40   40   71   40   40   68   45   45
 77  2   70   20    0   69   40    0
 78  2    1   60   60   72   80    0
