77
103
300
27
  1  3   74   35    0   10   35    0    2   30    0
  2  3    1   30    0   30   40    0    3   70    0
  3  3    2   70    0   21   20    0    4   60    0
  4  3    3   60    0   20   15    0   19   25    0
  5  3    6   15    0   19   85    0   17   10    0
  6  3    5   15    0   16   10    0    7   75    0
  7  2    6   75    0    8   25    0
  8  2    7   25    0   15    5    0
  9  2   40   15   15   14   15   15
 10  2    1   35    0   11   30   30
 11  3   10   30   30   12   50   50   29   50   50
 12  3   11   50   50   54   15   15   34   10   10
 13  3   42   25   25   49   25   25   23   70   70
 14  3    9   15   15   47   20   20   15   30   30
 15  2    8    5    0   14   30   30
 16  4    6   10    0   48   25   25   45   35   35   18   25   25
 17  2    5   10    0   18   15   15
 18  3   49   65   65   16   25   25   17   15   15
 19  3    4   25    0    5   85    0   22   35   35
 20  2    4   15    0   22   20   20
 21  2    3   20    0   25   60   60
 22  4   19   35   35   20   20   20   24   15   15   23    5    5
 23  3   13   70   70   22    5    5   27    5    5
 24  3   22   15   15   25    5    5   27    5    5
 25  3   21   60   60   24    5    5   28   25   25
 26  3   27   20   20   28    5    5   36   70   70
 27  3   23    5    5   24    5    5   26   20   20
 28  3   25   25   25   26    5    5   29   75   75
 29  4   11   50   50   28   75   75   31   70   70   30   10   10
 30  2    2   40    0   29   10   10
 31  3   29   70   70   33    5    5   32   20   20
 32  1   31   20   20
 33  3   31    5    5   34   20   20   56   30   30
 34  3   12   10   10   33   20   20   55   15   15
 35  3   44   30   30   36   20   20   38    5    5
 36  2   26   70   70   35   20   20
 37  3   38    5    5   63   30   30   62   30   30
 38  4   44   25   25   35    5    5   37    5    5   61   30   30
 39  2   48   85   85   52   20    0
 40  3    9   15   15   51   25   25   52   20    0
 41  2   44  135  135   50   35   35
 42  3   13   25   25   49   20   20   50   30   30
 43  2   48   30   30   49   50   50
 44  5   35   30   30   38   25   25   60   30   30   53   20   20   41  135  135
 45  3   16   35   35   46   15   15   48   25   25
 46  2   45   15   15   47   15   15
 47  3   14   20   20   46   15   15   51   10   10
 48  4   16   25   25   45   25   25   43   30   30   39   85   85
 49  4   13   25   25   18   65   65   43   50   50   42   20   20
 50  2   42   30   30   41   35   35
 51  2   47   10   10   40   25   25
 52  2   39   20    0   40   20    0
 53  3   44   20   20   57   10   10   58   20   20
 54  3   12   15   15   73   30    0   77   15    0
 55  3   34   15   15   56   20    0   73    5    0
 56  3   33   30   30   59   15    0   55   20    0
 57  2   53   10   10   71   15    0
 58  3   60    5    5   53   20   20   70   10    0
 59  2   63   10   10   56   15    0
 60  3   44   30   30   58    5    5   61   10   10
 61  3   38   30   30   60   10   10   62    5    5
 62  3   37   30   30   61    5    5   63    5    5
 63  3   37   30   30   62    5    5   59   10   10
 64  2   65    5    0   72   25    0
 65  2   64    5    0   66    5    0
 66  2   65    5    0   67    5    0
 67  2   66    5    0   68    5    0
 68  2   67    5    0   69   15    0
 69  2   68   15    0   70    5    0
 70  3   69    5    0   58   10    0   71    5    0
 71  2   70    5    0   57   15    0
 72  2   64   25    0   73   10    0
 73  3   72   10    0   55    5    0   54   30    0
 74  2    1   35    0   76   35    0
 75  2   77   40    0   76    5    0
 76  2   74   35    0   75    5    0
 77  2   54   15    0   75   40    0
