56
80
300
42
  1  4    9   75   75    3   10   10    2    5    5   55   25   25
  2  4    1    5    5    8   45   45   54   25   25    3   10   10
  3  3    1   10   10    6   45   45    2   10   10
  4  3   10   25   25    5   10   10   11   70   70
  5  3    7   10   10    4   10   10   51  120  120
  6  2    3   45   45    8   30    0
  7  2    5   10   10    8   65    0
  8  3    2   45   45    6   30    0    7   65    0
  9  2    1   75   75   56   40   40
 10  1    4   25   25
 11  4   29   25   25   12   10   10    4   70   70   45  100  100
 12  3   26   35   35   11   10   10   30   45   45
 13  2   20   25    0   32   30   30
 14  3   15   70    0   24   15   15   25   15   15
 15  3   14   70    0   16    5    0   18   15    0
 16  2   15    5    0   17   10    0
 17  2   16   10    0   19   10    0
 18  2   15   15    0   19   10    0
 19  3   17   10    0   18   10    0   20   10    0
 20  2   19   10    0   13   25    0
 21  2   37   40    0   22   40    0
 22  3   21   40    0   48   10    0   23   60    0
 23  3   49   50    0   56   70    0   22   60    0
 24  3   14   15   15   25   10   10   26   15   15
 25  4   14   15   15   24   10   10   26   15   15   31   30   30
 26  3   25   15   15   24   15   15   12   35   35
 27  3   28    5    5   29   10   10   30    5    5
 28  2   27    5    5   29   10   10
 29  3   28   10   10   27   10   10   11   25   25
 30  4   12   45   45   27    5    5   31   35   35   43   65   65
 31  4   25   30   30   30   35   35   32   80   80   36   80   80
 32  4   13   30   30   31   80   80   33   15   15   34   50   50
 33  1   32   15   15
 34  3   32   50   50   35   10   10   36   45   45
 35  1   34   10   10
 36  4   34   45   45   31   80   80   37   60   60   38   40   40
 37  2   21   40    0   36   60   60
 38  4   39   20    0   36   40   40   41   15   15   43   35   35
 39  2   38   20    0   40   10   10
 40  3   39   10   10   41    5    5   47   35   35
 41  3   40    5    5   38   15   15   42   20   20
 42  3   41   20   20   43    5    5   44   10   10
 43  4   42    5    5   38   35   35   30   65   65   44   10   10
 44  4   42   10   10   43   10   10   45    5    5   46    5    5
 45  4   44    5    5   11  100  100   46    5    5   51   40   40
 46  4   44    5    5   45    5    5   47   55   55   50   40   40
 47  3   40   35   35   46   55   55   48    5    5
 48  2   22   10    0   47    5    5
 49  2   23   50    0   50   35   35
 50  4   49   35   35   46   40   40   51   10   10   53   20   20
 51  4   50   10   10   45   40   40    5  120  120   52   10   10
 52  3   51   10   10   53   10   10   54   45   45
 53  3   50   20   20   52   10   10   55   35   35
 54  2   52   45   45    2   25   25
 55  2   53   35   35    1   25   25
 56  2   23   70    0    9   40   40
