57
82
300
25
  1  3    3   40    0    5   15    0   46   50   50
  2  3    3   10    0    4   35    0   44   20   20
  3  3    2   10    0    1   40    0   46   15   15
  4  2    2   35    0   49   20    0
  5  2    1   15    0    6   60    0
  6  2    5   60    0    8   30    0
  7  2    8   10    0   38   90   90
  8  2    6   30    0    7   10    0
  9  1   50   10   10
 10  2   57   10   10   56   10   10
 11  3   54   15   15   12    5    5   14   95   95
 12  4   11    5    5   53    5    5   13   10   10   28   80   80
 13  5   12   10   10   53    5    5   52    5    5   47   65   65   33   25   25
 14  5   11   95   95   28   60   60   22   70   70   16   30   30   15   50   50
 15  1   14   50   50
 16  3   14   30   30   18   15   15   17   15   15
 17  3   16   15   15   18   15   15   19   15   15
 18  4   16   15   15   17   15   15   21   35   35   20   25   25
 19  1   17   15   15
 20  1   18   25   25
 21  3   18   35   35   22   15   15   23   15   15
 22  5   14   70   70   21   15   15   25   25   25   24   15   15   23   10   10
 23  3   21   15   15   22   10   10   24   25   25
 24  3   22   15   15   23   25   25   29   45   45
 25  2   22   25   25   26   25   25
 26  3   25   25   25   28   10   10   27   10   10
 27  3   26   10   10   28    5    5   29   65   65
 28  4   12   80   80   14   60   60   26   10   10   27    5    5
 29  4   24   45   45   27   65   65   31   15   15   30   15   15
 30  1   29   15   15
 31  3   29   15   15   32  140  140   34   15   15
 32  3   31  140  140   33   30   30   42   85   85
 33  3   13   25   25   32   30   30   47   45   45
 34  3   31   15   15   35   10   10   36    5    5
 35  3   34   10   10   40   80   80   36   10   10
 36  4   34    5    5   35   10   10   38   75   75   37   30   30
 37  1   36   30   30
 38  4   36   75   75   40   90   90    7   90   90   39   10   10
 39  1   38   10   10
 40  4   35   80   80   38   90   90   41   10   10   46   30   30
 41  3   40   10   10   42   10   10   45   15   15
 42  3   32   85   85   41   10   10   43    5    5
 43  3   42    5    5   44   10   10   45    5    5
 44  3   43   10   10    2   20   20   45   10   10
 45  4   41   15   15   43    5    5   44   10   10   46    5    5
 46  4   40   30   30   45    5    5    3   15   15    1   50   50
 47  3   13   65   65   33   45   45   48   15    0
 48  2   47   15    0   49  100    0
 49  2    4   20    0   48  100    0
 50  2    9   10   10   57   25   25
 51  1   52   70   70
 52  4   13    5    5   51   70   70   53    5    5   55   15   15
 53  4   12    5    5   13    5    5   52    5    5   54   10   10
 54  4   55    5    5   11   15   15   53   10   10   56   10   10
 55  3   54    5    5   52   15   15   56   10   10
 56  4   10   10   10   54   10   10   55   10   10   57   10   10
 57  3   10   10   10   56   10   10   50   25   25
