54
73
300
18
  1  2   50   10    0   10   70   70
  2  2   17   40    0    3   80    0
  3  3    2   80    0   22   20    0    4   95    0
  4  2    3   95    0   23   25    0
  5  2   26   25    0    6   20    0
  6  3   32   25    0   33   40    0    5   20    0
  7  3   36   45   45    8   10   10    9   20   20
  8  3    7   10   10    9   10   10   27   80   80
  9  5    7   20   20    8   10   10   10   10   10   15    5    5   16   10   10
 10  4   15    5    0    1   70   70    9   10   10   11   20   20
 11  3   10   20   20   12   35   35   14   10   10
 12  1   11   35   35
 13  1   14   45   45
 14  3   13   45   45   11   10   10   15   25   25
 15  5   10    5    0   19   15    0   14   25   25    9    5    5   18   40   40
 16  3    9   10   10   19   10   10   20    5    5
 17  2    2   40    0   18   25   25
 18  2   15   40   40   17   25   25
 19  2   15   15    0   16   10   10
 20  3   16    5    5   21   15   15   28   85   85
 21  3   20   15   15   22   45   45   24   70   70
 22  2    3   20    0   21   45   45
 23  2    4   25    0   24   45   45
 24  4   23   45   45   21   70   70   25   25   25   28   50   50
 25  3   24   25   25   26   15   15   31   40   40
 26  2    5   25    0   25   15   15
 27  3    8   80   80   35   15   15   29   20   20
 28  4   24   50   50   20   85   85   29   30   30   30   30   30
 29  4   28   30   30   27   20   20   35   15   15   30   30   30
 30  3   28   30   30   29   30   30   31   35   35
 31  4   25   40   40   30   35   35   32   15   15   34   35   35
 32  2    6   25    0   31   15   15
 33  4    6   40    0   53   20   20   54   10   10   34   10   10
 34  4   54    5    5   33   10   10   31   35   35   52   30   30
 35  3   37   80   80   27   15   15   29   15   15
 36  3    7   45   45   42   35    0   45   45    0
 37  3   35   80   80   38   20    0   39   15    0
 38  2   37   20    0   46   25    0
 39  2   37   15    0   45   50    0
 40  3   50   20    0   41    5    0   42    5    0
 41  2   40    5    0   43   15    0
 42  2   40    5    0   36   35    0
 43  2   41   15    0   44   20    0
 44  2   43   20    0   45   15    0
 45  3   44   15    0   39   50    0   36   45    0
 46  2   38   25    0   48   35    0
 47  2   48    5    0   49   25    0
 48  2   47    5    0   46   35    0
 49  2   51   30    0   47   25    0
 50  2    1   10    0   40   20    0
 51  2   49   30    0   52   60    0
 52  3   34   30   30   51   60    0   54   30   30
 53  2   33   20   20   54   10   10
 54  4   33   10   10   34    5    5   52   30   30   53   10   10
