93
130
300
57
  1  3   16   20    0   72   10   10   73   15   15
  2  3   16    5    0    3    5    5   72    5    5
  3  4   16    5    0   70   60   60   71    5    5    2    5    5
  4  3   12   25    0   15   25    0   70   50   50
  5  3   11   10    0   69   35   35    6   35   35
  6  4    8   60    0   55   50   50   69   10   10    5   35   35
  7  3    8   55    0   34   30   30   53   40   40
  8  3    6   60    0    7   55    0   33   50   50
  9  2   92   50    0   10   30    0
 10  2    9   30    0   14   15    0
 11  2   12   25    0    5   10    0
 12  3   11   25    0   13   10    0    4   25    0
 13  2   12   10    0   14    5    0
 14  2   10   15    0   13    5    0
 15  2    4   25    0   16   50    0
 16  4   15   50    0    1   20    0    2    5    0    3    5    0
 17  3   37   40    0   38   30    0   41   45    0
 18  3   19   40    0   45   10    0   46   10    0
 19  3   18   40    0   28   40    0   20  115    0
 20  3   19  115    0   24   20    0   23   15    0
 21  3   76   20   20   22   30   30   25   55   55
 22  3   21   30   30   79   10   10   23   40   40
 23  2   20   15    0   22   40   40
 24  2   20   20    0   25   60   60
 25  4   21   55   55   24   60   60   27  100  100   26   60   60
 26  2   25   60   60   50   20   20
 27  3   25  100  100   28   15   15   29   30   30
 28  2   19   40    0   27   15   15
 29  3   27   30   30   47    5    5   48   10   10
 30  1   31   10   10
 31  3   30   10   10   79   30   30   77   45   45
 32  4   87   15   15   33    5    5   34   10   10   35   70   70
 33  4   93   10   10   32    5    5    8   50   50   34   10   10
 34  3   32   10   10   33   10   10    7   30   30
 35  4   32   70   70   39   15   15   37   30   30   36   25   25
 36  1   35   25   25
 37  2   17   40    0   35   30   30
 38  2   17   30    0   39   60   60
 39  3   35   15   15   38   60   60   40   65   65
 40  3   39   65   65   52   10   10   41   90   90
 41  3   17   45    0   40   90   90   43   15   15
 42  2   43   10   10   44   15   15
 43  3   41   15   15   42   10   10   49   75   75
 44  2   42   15   15   45   30   30
 45  2   18   10    0   44   30   30
 46  2   18   10    0   47   40   40
 47  3   29    5    5   46   40   40   48    5    5
 48  3   29   10   10   47    5    5   49   50   50
 49  3   43   75   75   48   50   50   51   30   30
 50  3   26   20   20   51   20   20   62   10   10
 51  4   49   30   30   50   20   20   52   15   15   64   10   10
 52  4   40   10   10   51   15   15   53   15   15   64   10   10
 53  4    7   40   40   52   15   15   54   10   10   65   15   15
 54  3   53   10   10   55   45   45   57   15   15
 55  4   54   45   45    6   50   50   56   10   10   57   35   35
 56  3   55   10   10   69   50   50   58   25   25
 57  4   54   15   15   55   35   35   58   15   15   66   15   15
 58  3   56   25   25   57   15   15   59   20   20
 59  3   58   20   20   60    5    5   66   10   10
 60  3   59    5    5   61    5    5   63   10   10
 61  3   60    5    5   67   60   60   62   15   15
 62  3   50   10   10   61   15   15   63   15   15
 63  4   60   10   10   62   15   15   64    5    5   65    5    5
 64  4   51   10   10   52   10   10   63    5    5   65    5    5
 65  4   53   15   15   63    5    5   64    5    5   66    5    5
 66  3   57   15   15   59   10   10   65    5    5
 67  2   61   60   60   68   30   30
 68  2   67   30   30   71   30   30
 69  4   56   50   50    6   10   10    5   35   35   70   45   45
 70  3   69   45   45    4   50   50    3   60   60
 71  3   68   30   30    3    5    5   72    5    5
 72  3   71    5    5    2    5    5    1   10   10
 73  3    1   15   15   78   20   20   74   10   10
 74  2   78   10    0   73   10   10
 75  2   84    5    0   85    5    0
 76  3   21   20   20   79   20   20   81   25    0
 77  3   31   45   45   79   10   10   80   25    0
 78  3   74   10    0   73   20   20   83   20    0
 79  4   22   10   10   31   30   30   77   10   10   76   20   20
 80  2   77   25    0   82   15    0
 81  3   76   25    0   82   10    0   86  160    0
 82  2   81   10    0   80   15    0
 83  2   78   20    0   84   30    0
 84  2   83   30    0   75    5    0
 85  2   75    5    0   86   40    0
 86  2   81  160    0   85   40    0
 87  2   32   15   15   93   10   10
 88  2   93   20    0   89    5    0
 89  2   88    5    0   90   15    0
 90  2   89   15    0   91   20    0
 91  2   90   20    0   92   15    0
 92  2    9   50    0   91   15    0
 93  3   33   10   10   87   10   10   88   20    0

