97
142
300
69
  1  2    2   60   60   13   30    0
  2  4    1   60   60    3   30   30   44   30   30   56   15   15
  3  4    5   25   25    2   30   30   45   25   25   53   20   20
  4  4    6   35   35    5    5    5   50    5    5   51    5    5
  5  3    3   25   25    4    5    5   52    5    5
  6  4    4   35   35    9   25   25   45   50   50   47   25   25
  7  4   11   35   35   92    5    5   93    5    5   94   15   15
  8  3   96   50   50   10   15   15   43   15   15
  9  3    6   25   25   10   20   20   43   20   20
 10  4    8   15   15    9   20   20   12   80    0   43   10   10
 11  3   96   45   45    7   35   35   24   45    0
 12  4   16   15    0   18   15    0   10   80    0   44   60   60
 13  2    1   30    0   14   35    0
 14  2   13   35    0   15   35    0
 15  3   14   35    0   16   30    0   17   30    0
 16  3   15   30    0   12   15    0   18   20    0
 17  2   15   30    0   19   85    0
 18  3   16   20    0   12   15    0   23   80    0
 19  2   17   85    0   20    5    0
 20  2   19    5    0   22   10    0
 21  2   22   10    0   91   70    0
 22  3   20   10    0   21   10    0   23   10    0
 23  3   18   80    0   22   10    0   24   10    0
 24  2   23   10    0   11   45    0
 25  3   26   10   10   28   70   70   75   55   55
 26  2   25   10   10   76   55   55
 27  2   28    5    0   36   25    0
 28  2   25   70   70   27    5    0
 29  3   30   80    0   33   50    0   38   35   35
 30  3   35   20    0   29   80    0   64   90   90
 31  3   33   20    0   34   30    0   48   55    0
 32  2   34   80    0   35   15    0
 33  2   31   20    0   29   50    0
 34  2   31   30    0   32   80    0
 35  3   32   15    0   30   20    0   36   15    0
 36  2   35   15    0   27   25    0
 37  3   46   20    0   49   10   10   50   40   40
 38  3   29   35   35   41    5    5   49   50   50
 39  4   74   10   10   73    5    5   40   20   20   41   10   10
 40  4   39   20   20   41   20   20   42   10   10   47   50   50
 41  4   38    5    5   40   20   20   39   10   10   72   20   20
 42  3   70   20   20   40   10   10   43   45   45
 43  4   42   45   45    9   20   20   10   10   10    8   15   15
 44  3    2   30   30   12   60   60   45   20   20
 45  3   44   20   20    6   50   50    3   25   25
 46  2   37   20    0   47   15   15
 47  3   40   50   50   46   15   15    6   25   25
 48  3   31   55    0   60   50    0   49  125  125
 49  3   37   10   10   38   50   50   48  125  125
 50  3    4    5    5   37   40   40   51    5    5
 51  4    4    5    5   50    5    5   52    5    5   55   15   15
 52  3    5    5    5   51    5    5   54    5    5
 53  3    3   20   20   54   10   10   58   30   30
 54  4   53   10   10   52    5    5   55   20   20   57   40   40
 55  3   54   20   20   51   15   15   59   25   25
 56  2   58   40   40    2   15   15
 57  3   54   40   40   58   10   10   59   35   35
 58  3   53   30   30   57   10   10   56   40   40
 59  3   55   25   25   57   35   35   60   20   20
 60  2   48   50    0   59   20   20
 61  2   76   20   20   90   10    0
 62  3   76    5    5   63    5    0   90    5    0
 63  4   76    5    5   88   60    0   89    5    0   62    5    0
 64  3   30   90   90   72   25   25   75   25   25
 65  3   71   10   10   87   35    0   66   35    0
 66  3   68   60   60   87   10    0   65   35    0
 67  3   68   55   55   79   30    0   80   40    0
 68  4   95   40   40   66   60   60   67   55   55   78   50    0
 69  2   96   50   50   70   30   30
 70  4   71   15   15   42   20   20   69   30   30   74   15   15
 71  4   74   10   10   70   15   15   72   25   25   65   10   10
 72  4   41   20   20   71   25   25   73   10   10   64   25   25
 73  3   39    5    5   72   10   10   74    5    5
 74  4   39   10   10   71   10   10   70   15   15   73    5    5
 75  3   25   55   55   64   25   25   76   50   50
 76  5   26   55   55   75   50   50   61   20   20   62    5    5   63    5    5
 77  2   91   15    0   79   10    0
 78  3   97   10    0   68   50    0   79   10    0
 79  3   77   10    0   78   10    0   67   30    0
 80  2   67   40    0   84   15    0
 81  2   82    5    0   83   10    0
 82  2   81    5    0   85   60    0
 83  2   81   10    0   84    5    0
 84  2   80   15    0   83    5    0
 85  2   82   60    0   86   30    0
 86  2   85   30    0   89   30    0
 87  3   66   10    0   65   35    0   88   45    0
 88  2   87   45    0   63   60    0
 89  3   86   30    0   63    5    0   90    5    0
 90  3   89    5    0   62    5    0   61   10    0
 91  3   21   70    0   77   15    0   97   10    0
 92  3    7    5    5   97   20   20   93    5    5
 93  3    7    5    5   92    5    5   94   15   15
 94  3    7   15   15   93   15   15   95   20   20
 95  3   68   40   40   94   20   20   96   15   15
 96  4   11   45   45    8   50   50   69   50   50   95   15   15
 97  3   78   10    0   91   10    0   92   20   20
