26
35
300
21
  1  3   26  100  100    2   15   15   22  110  110
  2  1    1   15   15
  3  4   15    5    5   24   25   25    4   40   40   10   15   15
  4  3   20   30    0   12   70    0    3   40   40
  5  3   22   40   40   14   40   40   13   40   40
  6  3   21   25   25    8   10   10    7   10   10
  7  2    6   10   10    8   10   10
  8  3   17   15   15    6   10   10    7   10   10
  9  1   16   45   45
 10  3    3   15   15   12   60   60   15   15   15
 11  2   12   25    0   13   70    0
 12  3    4   70    0   10   60   60   11   25    0
 13  3    5   40   40   14   10    0   11   70    0
 14  2    5   40   40   13   10    0
 15  4    3    5    5   10   15   15   16    5    5   24   25   25
 16  2    9   45   45   15    5    5
 17  3    8   15   15   18   80   80   21   50   50
 18  2   23   20   20   17   80   80
 19  3   21   20   20   22   30   30   25   55    0
 20  3    4   30    0   22   80   80   23   15   15
 21  3    6   25   25   19   20   20   17   50   50
 22  4    1  110  110    5   40   40   19   30   30   20   80   80
 23  3   20   15   15   18   20   20   24   15   15
 24  3    3   25   25   23   15   15   15   25   25
 25  2   19   55    0   26   50    0
 26  2    1  100  100   25   50    0
