69  V
98  E
300
40
  1  3    5   10    0   10   10    0   37   10   10
  2  2    3   25    0   25   20   20
  3  3    7   25    0    2   25    0   35   30   30
  4  2    5   55    0   19   95   95
  5  2    4   55    0    1   10    0
  6  2    8   15    0    7   25    0
  7  3    6   25    0    3   25    0   10   80    0
  8  2    6   15    0    9   25    0
  9  2    8   25    0   21  115    0
 10  2    7   80    0    1   10    0
 11  2   12   50   50   65   40   40
 12  3   13   10    0   11   50   50   63   15   15
 13  3   12   10    0   18   60    0   63   10   10
 14  3   15   10    0   18   55    0   53   35   35
 15  3   17   40    0   14   10    0   56   50   50
 16  3   17   45    0   60   15   15   61   40   40
 17  2   16   45    0   15   40    0
 18  2   14   55    0   13   60    0
 19  3   20   70    0   42   50   50    4   95   95
 20  4   69   95    0   19   70    0   43   20   20   66   90   90
 21  2    9  115    0   23   35   35
 22  3   23   10   10   26   70   70   24   15   15
 23  4   21   35   35   22   10   10   24   10   10   25  110  110
 24  4   22   15   15   23   10   10   29   30   30   33  110  110
 25  2   23  110  110    2   20   20
 26  2   22   70   70   27   10   10
 27  3   26   10   10   28    5    5   29   60   60
 28  3   27    5    5   62   15   15   31   60   60
 29  3   24   30   30   27   60   60   30   10   10
 30  3   29   10   10   31    5    5   32   95   95
 31  3   28   60   60   30    5    5   55   45   45
 32  4   30   95   95   50   15   15   49   15   15   33   10   10
 33  3   24  110  110   32   10   10   34   20   20
 34  3   33   20   20   36   15   15   35  100  100
 35  2   34  100  100    3   30   30
 36  3   34   15   15   38   10   10   37  135  135
 37  2   36  135  135    1   10   10
 38  3   36   10   10   47   20   20   39   40   40
 39  3   38   40   40   42   20   20   41   25   25
 40  3   42   45   45   44   20   20   43   40   40
 41  2   39   25   25   42   10   10
 42  4   39   20   20   40   45   45   41   10   10   19   50   50
 43  3   40   40   40   44   55   55   20   20   20
 44  4   40   20   20   43   55   55   46   15   15   45   10   10
 45  4   44   10   10   46   10   10   51   15   15   63   85   85
 46  3   44   15   15   45   10   10   47   10   10
 47  3   38   20   20   46   10   10   48   10   10
 48  3   47   10   10   49   15   15   51   20   20
 49  3   32   15   15   48   15   15   50    5    5
 50  3   32   15   15   49    5    5   52    5    5
 51  3   45   15   15   48   20   20   53   20   20
 52  3   50    5    5   54   35   35   53   15   15
 53  4   51   20   20   52   15   15   54   30   30   14   35   35
 54  4   52   35   35   53   30   30   55   15   15   56   20   20
 55  3   31   45   45   54   15   15   58   30   30
 56  3   54   20   20   57   15   15   15   50   50
 57  3   56   15   15   58   20   20   60   30   30
 58  3   55   30   30   57   20   20   59   35   35
 59  3   58   35   35   61   10   10   60   35   35
 60  3   57   30   30   59   35   35   16   15   15
 61  3   59   10   10   16   40   40   62   15   15
 62  2   28   15   15   61   15   15
 63  3   45   85   85   13   10   10   12   15   15
 64  3   68   10   10   67   45   45   66   20   20
 65  3   68   20   20   66   10   10   11   40   40
 66  3   20   90   90   64   20   20   65   10   10
 67  2   64   45   45   69   30    0
 68  2   64   10   10   65   20   20
 69  2   20   95    0   67   30    0
