48
66
300
39
  1  2    2   65   65   45   20    0
  2  3    3   50    0   15   15   15    1   65   65
  3  2    2   50    0    4    5    0
  4  3    3    5    0   14   10    0   10   10    0
  5  3    6    5    0   48   45    0   41   85   85
  6  3    5    5    0   39  100  100   40   40   40
  7  2   17   30   30   40   50   50
  8  2   22  100  100   25   10   10
  9  3   12  120    0   17   40   40   21   10   10
 10  3    4   10    0   25  120  120   30   70   70
 11  2   13   45    0   14   65    0
 12  2   13    5    0    9  120    0
 13  2   12    5    0   11   45    0
 14  2   11   65    0    4   10    0
 15  2    2   15   15   16   20   20
 16  2   15   20   20   31   20   20
 17  4    7   30   30   18   40   40   20   15   15    9   40   40
 18  3   17   40   40   19   20   20   40   10   10
 19  3   18   20   20   20   15   15   23   15   15
 20  3   17   15   15   19   15   15   21   15   15
 21  3    9   10   10   20   15   15   22   10   10
 22  3   21   10   10   23   20   20    8  100  100
 23  3   22   20   20   19   15   15   24   10   10
 24  3   23   10   10   25  100  100   38   60   60
 25  4   10  120  120    8   10   10   24  100  100   26   10   10
 26  3   25   10   10   27   30   30   38   60   60
 27  3   26   30   30   28   10   10   29   15   15
 28  3   27   10   10   29    5    5   30   60   60
 29  3   28    5    5   27   15   15   36   55   55
 30  4   10   70   70   28   60   60   32   35   35   36   50   50
 31  2   16   20   20   32   10   10
 32  3   31   10   10   30   35   35   34   30   30
 33  2   45   45   45   34   15   15
 34  3   33   15   15   32   30   30   35   50   50
 35  3   44   10   10   34   50   50   36   20   20
 36  4   35   20   20   30   50   50   29   55   55   37   10   10
 37  3   43   20   20   36   10   10   38   45   45
 38  4   37   45   45   26   60   60   24   60   60   39   20   20
 39  3   38   20   20    6  100  100   41   50   50
 40  3   18   10   10    7   50   50    6   40   40
 41  4   39   50   50    5   85   85   42   45   45   46   70   70
 42  2   41   45   45   43   70    0
 43  3   37   20   20   44   20    0   42   70    0
 44  2   35   10   10   43   20    0
 45  2   33   45   45    1   20    0
 46  2   41   70   70   47   70   70
 47  2   48   95   95   46   70   70
 48  2    5   45    0   47   95   95
