46
64
300
19
  1  3    2   20    0   38  120  120   26   25   25
  2  3    3    5    0    1   20    0   29    5    5
  3  3    2    5    0   28   10   10   29    5    5
  4  3   43   35   35   33    5    5   32   65   65
  5  3   30   40   40   19  100  100    6   15   15
  6  3    5   15   15    8   75   75    7   10   10
  7  1    6   10   10
  8  3    6   75   75   10   25   25    9   10   10
  9  1    8   10   10
 10  3    8   25   25   12  100  100   11   15   15
 11  1   10   15   15
 12  3   10  100  100   21   15   15   13   15   15
 13  4   12   15   15   21   15   15   15   25   25   14   55   55
 14  2   27   20    0   13   55   55
 15  4   13   25   25   22   25   25   16   50   50   26   75   75
 16  4   15   50   50   23   10   10   17   10   10   42   30   30
 17  4   16   10   10   40   40   40   24   10   10   18   25   25
 18  3   17   25   25   20   15   15   19   10   10
 19  2    5  100  100   18   10   10
 20  3   18   15   15   24   10   10   21   10   10
 21  4   12   15   15   13   15   15   20   10   10   22   10   10
 22  3   15   25   25   21   10   10   23   10   10
 23  3   16   10   10   22   10   10   24   10   10
 24  3   17   10   10   20   10   10   23   10   10
 25  3   26   10   10   28   10   10   27   45   45
 26  4   15   75   75   25   10   10    1   25   25   29    5    5
 27  2   14   20    0   25   45   45
 28  2   25   10   10    3   10   10
 29  3   26    5    5    3    5    5    2    5    5
 30  2    5   40   40   35   15    0
 31  3   32   25   25   40  125  125   35   25    0
 32  3    4   65   65   31   25   25   35   25    0
 33  2    4    5    5   34   15    0
 34  2   36   15    0   33   15    0
 35  3   32   25    0   31   25    0   30   15    0
 36  3   34   15    0   43   10   10   39   10   10
 37  3   41   40   40   45  100    0   46   10    0
 38  3    1  120  120   41  120  120   44   10    0
 39  2   36   10   10   46  120    0
 40  4   31  125  125   17   40   40   42   45   45   43   65   65
 41  3   37   40   40   42    5    5   38  120  120
 42  3   16   30   30   41    5    5   40   45   45
 43  3    4   35   35   40   65   65   36   10   10
 44  2   38   10    0   45   10    0
 45  2   44   10    0   37  100    0
 46  2   39  120    0   37   10    0
