60
84
300
44
  1  2    2   40   40   48   65   65
  2  2   47   70   70    1   40   40
  3  4    5   45    0    4   10    0   25   10   10   27   20   20
  4  3    3   10    0   26   10   10   47   10   10
  5  3    6   75    0    3   45    0   23   60   60
  6  3    5   75    0   24   90   90    8   50   50
  7  2    8   20   20   14   85   85
  8  2    7   20   20    6   50   50
  9  3   10   25    0   40   15    0   50   65    0
 10  2    9   25    0   11   30    0
 11  3   10   30    0   33   10    0   38   40    0
 12  2   32   25    0   34   25    0
 13  1   14   15   15
 14  3   13   15   15    7   85   85   17   95   95
 15  2   16   10    0   18   40   40
 16  2   15   10    0   19   40   40
 17  3   14   95   95   18   15   15   24   20   20
 18  3   15   40   40   17   15   15   19    5    5
 19  3   16   40   40   18    5    5   20   10   10
 20  3   19   10   10   21   10   10   29   45   45
 21  3   20   10   10   22    5    5   28   50   50
 22  3   21    5    5   23    5    5   27   65   65
 23  3   22    5    5   24   10   10    5   60   60
 24  3   23   10   10   17   20   20    6   90   90
 25  3   26    5    5    3   10   10   43   20   20
 26  3   25    5    5    4   10   10   46   10   10
 27  3   22   65   65    3   20   20   28   15   15
 28  3   21   50   50   27   15   15   29   55   55
 29  4   20   45   45   28   55   55   30   30   30   31   30   30
 30  2   29   30   30   31   20   20
 31  3   30   20   20   29   30   30   35   65   65
 32  2   12   25    0   35   30   30
 33  2   11   10    0   34   15   15
 34  3   12   25    0   33   15   15   35   30   30
 35  5   34   30   30   32   30   30   31   65   65   36   15   15   37   15   15
 36  3   35   15   15   37   15   15   42   90   90
 37  3   35   15   15   36   15   15   39   30   30
 38  2   11   40    0   39   10   10
 39  4   38   10   10   37   30   30   40   25   25   41   50   50
 40  3    9   15    0   39   25   25   41   55   55
 41  3   40   55   55   39   50   50   42   30   30
 42  3   41   30   30   36   90   90   43   10   10
 43  3   42   10   10   25   20   20   45   15   15
 44  3   45   10   10   48   65   65   49   65   65
 45  3   44   10   10   43   15   15   46   15   15
 46  3   45   15   15   26   10   10   47   15   15
 47  3   46   15   15    4   10   10    2   70   70
 48  3   44   65   65    1   65   65   49   65   65
 49  4   44   65   65   48   65   65   51   40   40   55   50   50
 50  2    9   65    0   51    5    5
 51  4   50    5    5   49   40   40   52   15   15   54   20   20
 52  3   51   15   15   53   10   10   54   20   20
 53  1   52   10   10
 54  4   52   20   20   51   20   20   55   20   20   56   25   25
 55  3   54   20   20   49   50   50   56   15   15
 56  4   54   25   25   55   15   15   58   25   25   57   15   15
 57  2   56   15   15   60    5    5
 58  2   56   25   25   59   20   20
 59  2   60    5    5   58   20   20
 60  2   57    5    5   59    5    5
