56
79
300
20
  1  3    3   10    0    7   45   45   18   55   55
  2  3   47   30   30    3   45    0   18   50   50
  3  2    2   45    0    1   10    0
  4  1    5   20   20
  5  3    6   20    0    4   20   20   42   10   10
  6  3    5   20    0    9   60   60   23   35   35
  7  2    8   60   60    1   45   45
  8  3    9   20    0   19   85   85    7   60   60
  9  3    8   20    0   17   70   70    6   60   60
 10  2   30   40    0   11  115    0
 11  2   13   35    0   10  115    0
 12  3   54    5    5   14   55   55   13   35   35
 13  2   11   35    0   12   35   35
 14  4   12   55   55   55   40   40   15  100  100   26   55   55
 15  3   55  100  100   14  100  100   16   30   30
 16  3   15   30   30   21   25   25   17   55   55
 17  4   16   55   55    9   70   70   23   35   35   24   60   60
 18  3    1   55   55   19   85   85    2   50   50
 19  3    8   85   85   18   85   85   21   35   35
 20  3   49  150  150   22   55   55   21   20   20
 21  4   51  220  220   16   25   25   19   35   35   20   20   20
 22  3   44  115  115   45   95   95   20   55   55
 23  3   17   35   35    6   35   35   40   25   25
 24  3   17   60   60   35   40   40   25   20   20
 25  2   24   20   20   26   25   25
 26  4   14   55   55   25   25   25   35   55   55   27   15   15
 27  3   26   15   15   28   10   10   29   35   35
 28  3   27   10   10   34   30   30   32   35   35
 29  3   27   35   35   31   40   40   30   30   30
 30  2   10   40    0   29   30   30
 31  3   29   40   40   32   20   20   33   40   40
 32  3   28   35   35   31   20   20   34   15   15
 33  3   31   40   40   34   20   20   37   40   40
 34  4   28   30   30   32   15   15   33   20   20   36   45   45
 35  4   24   40   40   26   55   55   40   40   40   36   20   20
 36  4   34   45   45   35   20   20   39   30   30   37   20   20
 37  3   33   40   40   36   20   20   38   30   30
 38  3   37   30   30   39   20   20   41   15   15
 39  3   36   30   30   38   20   20   40   20   20
 40  4   23   25   25   35   40   40   39   20   20   42   15   15
 41  2   38   15   15   42   25   25
 42  3   40   15   15    5   10   10   41   25   25
 43  2   44    5    5   47   45   45
 44  3   22  115  115   43    5    5   46   40    0
 45  3   48   50   50   22   95   95   46   50    0
 46  2   45   50    0   44   40    0
 47  2    2   30   30   43   45   45
 48  2   45   50   50   49   40    0
 49  3   20  150  150   56   70    0   48   40    0
 50  2   52   45   45   51   10   10
 51  3   21  220  220   50   10   10   56   10    0
 52  2   53   75   75   50   45   45
 53  2   52   75   75   55   50    0
 54  2   12    5    5   55   20    0
 55  4   15  100  100   14   40   40   54   20    0   53   50    0
 56  2   51   10    0   49   70    0
