38
55
300
5
  1  3    2   45   45    5  115  115   31   10   10
  2  3    1   45   45   32   55   55    5   70   70
  3  3   32   50   50    4   20   20    6   35   35
  4  3    3   20   20    6   45   45   16   80   80
  5  3    1  115  115    2   70   70    6   25   25
  6  4    5   25   25    3   35   35    4   45   45    7   20   20
  7  4    6   20   20    8   10   10    9   15   15   12   35   35
  8  4    7   10   10    9    5    5   11   15   15   12   10   10
  9  3    7   15   15    8    5    5   10   15   15
 10  3    9   15   15   11    5    5   18   55   55
 11  4   10    5    5    8   15   15   12   10   10   13   15   15
 12  4   11   10   10    8   10   10    7   35   35   14   10   10
 13  3   11   15   15   14   20   20   17   30   30
 14  3   13   20   20   12   10   10   15   20   20
 15  3   14   20   20   16   20   20   20   30   30
 16  3   15   20   20    4   80   80   36   40   40
 17  3   13   30   30   19   20   20   21   35   35
 18  3   10   55   55   23   55   55   33   75   75
 19  3   17   20   20   21   10   10   24   45   45
 20  2   15   30   30   22   30   30
 21  3   19   10   10   17   35   35   22   35   35
 22  3   21   35   35   20   30   30   37   40   40
 23  3   18   55   55   24    5    5   33   20   20
 24  3   23    5    5   19   45   45   34   30   30
 25  2   36   50   50   26   50    0
 26  2   27   10   10   25   50    0
 27  2   26   10   10   32   60   60
 28  2   29   10   10   32   55   55
 29  2   31   40   40   28   10   10
 30  1   31   45   45
 31  3    1   10   10   30   45   45   29   40   40
 32  4    2   55   55    3   50   50   28   55   55   27   60   60
 33  3   18   75   75   23   20   20   34   20    0
 34  3   24   30   30   35   20   20   33   20    0
 35  2   34   20   20   38   60    0
 36  3   16   40   40   25   50   50   37   60    0
 37  3   22   40   40   38   20   20   36   60    0
 38  2   37   20   20   35   60    0
