54
70
300
23
  1  2   28   85   85    2   30   30
  2  2    3   20    0    1   30   30
  3  2    2   20    0   38   70   70
  4  2    5   20    0    6   10   10
  5  2    4   20    0   34   40   40
  6  3    7   15    0    4   10   10   34   10   10
  7  3    8   45    0    6   15    0   30   30   30
  8  2    7   45    0   33   55   55
  9  2   47   15    0   10   30    0
 10  2    9   30    0   11  130    0
 11  3   14   95    0   15   35    0   10  130    0
 12  1   13   85   85
 13  3   12   85   85   14    5    5   51   80   80
 14  2   11   95    0   13    5    5
 15  2   11   35    0   16   25   25
 16  4   51   90   90   15   25   25   42  170  170   17   10   10
 17  3   16   10   10   39   95   95   18   90   90
 18  4   17   90   90   25   35   35   24   20   20   19   15   15
 19  3   51   85   85   18   15   15   20   20   20
 20  3   19   20   20   24   15   15   21   70   70
 21  3   20   70   70   22   50   50   50   55   55
 22  2   40   45    0   21   50   50
 23  2   24   10   10   25   15   15
 24  4   18   20   20   20   15   15   23   10   10   26   65   65
 25  4   18   35   35   23   15   15   29   35   35   31  105  105
 26  3   24   65   65   28   15   15   40   35   35
 27  2   40   70   70   49   15   15
 28  2   26   15   15    1   85   85
 29  3   25   35   35   32   40   40   30   95   95
 30  3   29   95   95    7   30   30   31   10   10
 31  3   25  105  105   30   10   10   34   40   40
 32  3   29   40   40   45   40   40   33   30   30
 33  3   32   30   30   46   25   25    8   55   55
 34  4   31   40   40    6   10   10    5   40   40   35    5    5
 35  3   34    5    5   37   45   45   36   15   15
 36  2   35   15   15   37   20   20
 37  3   35   45   45   36   20   20   38   20   20
 38  2   37   20   20    3   70   70
 39  3   17   95   95   44   75   75   43   60   60
 40  3   22   45    0   26   35   35   27   70   70
 41  2   42    5    5   43   30    0
 42  3   16  170  170   41    5    5   48   15    0
 43  2   39   60   60   41   30    0
 44  2   39   75   75   45   10    0
 45  3   32   40   40   46   15   15   44   10    0
 46  2   33   25   25   45   15   15
 47  2    9   15    0   48   10    0
 48  2   47   10    0   42   15    0
 49  2   50   30   30   27   15   15
 50  3   21   55   55   49   30   30   53   35    0
 51  4   13   80   80   16   90   90   19   85   85   52   75    0
 52  2   51   75    0   54   40    0
 53  2   50   35    0   54   10    0
 54  2   52   40    0   53   10    0
