66
88
300
45
  1  2    8   20    0   32   40   40
  2  3    7   35    0   61  100  100   40   60   60
  3  3    7   30    0    4   20   20   39   45   45
  4  2    5   50   50    3   20   20
  5  3    6   30    0    4   50   50   38   30   30
  6  2    5   30    0    8   85    0
  7  2    3   30    0    2   35    0
  8  2    6   85    0    1   20    0
  9  2   10   30   30   34   60   60
 10  3   13   30    0   15   10   10    9   30   30
 11  3   12   10    0   13  115    0   34   70   70
 12  2   11   10    0   31  100  100
 13  2   11  115    0   10   30    0
 14  2   24   50    0   15   60    0
 15  3   14   60    0   17   10   10   10   10   10
 16  3   18   75    0   17  140  140   47   15   15
 17  3   28  100    0   15   10   10   16  140  140
 18  4   21   55    0   16   75    0   19   45   45   54   35   35
 19  3   20   10    0   29   25   25   18   45   45
 20  2   19   10    0   22   60    0
 21  2   18   55    0   26   10    0
 22  2   20   60    0   25   10    0
 23  2   24   10    0   25   40    0
 24  3   23   10    0   27   35    0   14   50    0
 25  3   23   40    0   22   10    0   26   10    0
 26  3   25   10    0   21   10    0   27   15    0
 27  3   24   35    0   26   15    0   28   35    0
 28  2   27   35    0   17  100    0
 29  3   19   25   25   54   65   65   66   55   55
 30  1   31   35   35
 31  3   30   35   35   12  100  100   32   10   10
 32  3    1   40   40   31   10   10   33   30   30
 33  3   32   30   30   34   30   30   36   50   50
 34  4   33   30   30   11   70   70    9   60   60   35   60   60
 35  4   34   60   60   36   30   30   37   20   20   46  110  110
 36  3   33   50   50   35   30   30   37   40   40
 37  3   36   40   40   35   20   20   43   20   20
 38  2    5   30   30   42   55   55
 39  2    3   45   45   41   40   40
 40  2    2   60   60   41   20   20
 41  4   40   20   20   39   40   40   42   10   10   44   20   20
 42  3   41   10   10   38   55   55   43   20   20
 43  3   42   20   20   37   20   20   44   20   20
 44  3   41   20   20   43   20   20   45   70   70
 45  2   44   70   70   46   10   10
 46  3   45   10   10   35  110  110   48   10   10
 47  4   16   15   15   48   25   25   49   20   20   55   20   20
 48  3   46   10   10   47   25   25   49   10   10
 49  3   48   10   10   47   20   20   51   15   15
 50  2   60   65   65   51   35   35
 51  3   50   35   35   49   15   15   53   10   10
 52  3   59   10   10   53   75   75   58   10   10
 53  3   52   75   75   51   10   10   55   20   20
 54  3   18   35   35   29   65   65   56   50   50
 55  3   53   20   20   47   20   20   56   95   95
 56  3   55   95   95   54   50   50   57   10   10
 57  3   56   10   10   62   15   15   64   20   20
 58  2   52   10   10   63   50   50
 59  2   52   10   10   60   40    0
 60  3   61   10   10   50   65   65   59   40    0
 61  2    2  100  100   60   10   10
 62  3   57   15   15   63   20   20   64   10    0
 63  2   58   50   50   62   20   20
 64  3   57   20   20   65   15   15   62   10    0
 65  2   66   45   45   64   15   15
 66  2   29   55   55   65   45   45
