76
117
300
42
  1  3    7   15   15    2   10   10   22   20   20
  2  1    1   10   10
  3  2    4   15    0   67   65   65
  4  2    5   10   10    3   15    0
  5  3    4   10   10    9   75    0   18   60   60
  6  3    8   30   30    9   60    0   18   85   85
  7  3    1   15   15    8    5    0   20    5    5
  8  4    6   30   30    7    5    0   20    5    5   39  160  160
  9  2    6   60    0    5   75    0
 10  2   12   70   70   55   25   25
 11  2   16   75   75   30  150  150
 12  2   13   10    0   10   70   70
 13  4   14   40    0   12   10    0   48   40   40   50    5    5
 14  4   13   40    0   30   40   40   34   30   30   50   40   40
 15  2   25   15   15   16   25   25
 16  4   27   10   10   15   25   25   11   75   75   28   70   70
 17  3   71   25   25   70   55   55   41   15   15
 18  4    5   60   60    6   85   85   39  100  100   19   70   70
 19  3   68   45   45   18   70   70   39  100  100
 20  3    7    5    5    8    5    5   23   20   20
 21  1   22   15   15
 22  4    1   20   20   21   15   15   24   10   10   23   15   15
 23  4   20   20   20   22   15   15   25   15   15   26   20   20
 24  2   22   10   10   25   10   10
 25  4   23   15   15   24   10   10   15   15   15   27   25   25
 26  3   23   20   20   27   25   25   29   90   90
 27  4   25   25   25   26   25   25   16   10   10   28   70   70
 28  4   27   70   70   16   70   70   30   30   30   29   20   20
 29  3   26   90   90   28   20   20   31   30   30
 30  4   28   30   30   11  150  150   14   40   40   31   15   15
 31  3   29   30   30   30   15   15   32   25   25
 32  3   31   25   25   34   15   15   33    5    5
 33  3   32    5    5   34   20   20   39   15   15
 34  4   32   15   15   33   20   20   14   30   30   35   15   15
 35  3   34   15   15   50   15   15   36   20   20
 36  3   35   20   20   43   25   25   37   10   10
 37  3   36   10   10   43   20   20   38   10   10
 38  3   37   10   10   42   10   10   39   20   20
 39  5   18  100  100   19  100  100    8  160  160   33   15   15   38   20   20
 40  4   41   30   30   42   35   35   44   30   30   47   20   20
 41  3   17   15   15   40   30   30   42   35   35
 42  3   38   10   10   40   35   35   41   35   35
 43  4   36   25   25   37   20   20   49    5    5   44    5    5
 44  4   40   30   30   43    5    5   49    5    5   45    5    5
 45  3   44    5    5   48   10   10   46   15   15
 46  3   45   15   15   54   60   60   47   35   35
 47  3   40   20   20   46   35   35   51  105  105
 48  4   45   10   10   49    5    5   13   40   40   55   70   70
 49  4   43    5    5   44    5    5   48    5    5   50   40   40
 50  4   35   15   15   14   40   40   49   40   40   13    5    5
 51  3   47  105  105   62   80    0   52   10    0
 52  3   53   50   50   60   20    0   51   10    0
 53  3   54   45   45   52   50   50   59   20    0
 54  3   46   60   60   53   45   45   56   35    0
 55  3   48   70   70   10   25   25   56   50    0
 56  3   55   50    0   57   20    0   54   35    0
 57  2   56   20    0   58   10    0
 58  2   57   10    0   59   25    0
 59  2   58   25    0   53   20    0
 60  2   52   20    0   61    5    0
 61  2   63   70    0   60    5    0
 62  3   51   80    0   72   50   50   63   60   60
 63  3   61   70    0   62   60   60   65   10    0
 64  3   76  120  120   66   75   75   65  140    0
 65  3   76  100  100   63   10    0   64  140    0
 66  3   69   55   55   64   75   75   67   45    0
 67  3    3   65   65   68   10   10   66   45    0
 68  3   19   45   45   67   10   10   70   60   60
 69  3   73   15   15   66   55   55   74   10   10
 70  3   17   55   55   68   60   60   73   10   10
 71  3   17   25   25   72   10   10   73   40   40
 72  4   76   20   20   71   10   10   75   35   35   62   50   50
 73  4   69   15   15   71   40   40   70   10   10   74   10   10
 74  3   73   10   10   69   10   10   75   15   15
 75  3   72   35   35   74   15   15   76   35   35
 76  4   64  120  120   72   20   20   75   35   35   65  100  100
