60
82
300
22
  1  3    8   20   20    7   45    0   18  140  140
  2  3    3   20   20    5   10    0   36   90   90
  3  2    4   70   70    2   20   20
  4  2    3   70   70   40  105  105
  5  2    6   50    0    2   10    0
  6  2    5   50    0    7   15    0
  7  2    6   15    0    1   45    0
  8  2    1   20   20    9   10   10
  9  2    8   10   10   47   55   55
 10  2   31   10    0   54   15    0
 11  2   12   90    0   14   25    0
 12  3   11   90    0   13   55    0   28   20    0
 13  3   12   55    0   15   35    0   21   50    0
 14  3   11   25    0   32   25   25   33   30   30
 15  3   13   35    0   27   50   50   29   10   10
 16  2   47   75   75   17   70   70
 17  3   16   70   70   19   40   40   49  120  120
 18  3    1  140  140   20   40   40   36   30   30
 19  3   17   40   40   20   45   45   22   45   45
 20  3   19   45   45   18   40   40   46   30   30
 21  3   45   50    0   13   50    0   25   35   35
 22  2   19   45   45   26   50   50
 23  3   26   10   10   48   50   50   51  150  150
 24  3   43   45   45   25   20   20   26   30   30
 25  4   24   20   20   42   35   35   21   35   35   27   40   40
 26  4   23   10   10   22   50   50   24   30   30   27   25   25
 27  4   26   25   25   25   40   40   15   50   50   30   40   40
 28  2   12   20    0   29   50   50
 29  3   15   10   10   28   50   50   30   45   45
 30  5   27   40   40   29   45   45   48   40   40   34   65   65   35   75   75
 31  2   10   10    0   33   60   60
 32  1   14   25   25
 33  3   14   30   30   31   60   60   34   10   10
 34  3   30   65   65   33   10   10   35   35   35
 35  4   30   75   75   34   35   35   52   20   20   53   30   30
 36  2   18   30   30    2   90   90
 37  2   41   10   10   46   10   10
 38  2   44   30   30   39   25   25
 39  2   43   25   25   38   25   25
 40  2    4  105  105   41   55   55
 41  2   40   55   55   37   10   10
 42  3   25   35   35   44   15   15   43   25   25
 43  4   24   45   45   42   25   25   39   25   25   46   80   80
 44  3   38   30   30   42   15   15   45   25   25
 45  2   21   50    0   44   25   25
 46  3   20   30   30   43   80   80   37   10   10
 47  3    9   55   55   16   75   75   49   70    0
 48  4   23   50   50   30   40   40   53   75    0   60  150    0
 49  3   17  120  120   50   10   10   47   70    0
 50  2   51   40   40   49   10   10
 51  3   23  150  150   50   40   40   60   40    0
 52  3   35   20   20   57   15    0   53   25    0
 53  5   35   30   30   58   10    0   52   25    0   48   75    0   59   70    0
 54  2   10   15    0   55   15    0
 55  2   54   15    0   56   10    0
 56  2   55   10    0   57   10    0
 57  3   56   10    0   52   15    0   58   25    0
 58  3   57   25    0   53   10    0   59   70    0
 59  3   58   70    0   53   70    0   60   30    0
 60  3   59   30    0   48  150    0   51   40    0
