83
118
300
43
  1  2    4   50    0    2   10    0
  2  2    1   10    0   21   25    0
  3  3    4   60    0    5   70   70   77   10    0
  4  3    3   60    0    1   50    0   15   80   80
  5  3    6    5    5    3   70   70   49   50   50
  6  3    5    5    5   14   20   20   41   35   35
  7  4   13   20   20    8   25   25   12   30   30   40   30   30
  8  3    7   25   25    9   10   10   39   35   35
  9  3    8   10   10   10   20   20   36   45   45
 10  3   12   35   35    9   20   20   11   50   50
 11  3   10   50   50   17   70    0   83   60   60
 12  3   10   35   35   13   45    0    7   30   30
 13  3    7   20   20   14   50    0   12   45    0
 14  3   15   10   10    6   20   20   13   50    0
 15  2   14   10   10    4   80   80
 16  2   17    5    0   18    5    0
 17  2   11   70    0   16    5    0
 18  2   16    5    0   20   30    0
 19  2   20   30    0   21   15    0
 20  2   18   30    0   19   30    0
 21  2   19   15    0    2   25    0
 22  2   24   15   15   75    5    5
 23  3   28   15   15   27   25   25   26   25   25
 24  2   25   15   15   22   15   15
 25  3   24   15   15   29    5    0   31   35   35
 26  4   23   25   25   27   25    0   29   65    0   32   20   20
 27  2   23   25   25   26   25    0
 28  3   23   15   15   34    5    5   33   20   20
 29  2   26   65    0   25    5    0
 30  2   52   30    0   53   25    0
 31  2   25   35   35   37   40   40
 32  2   26   20   20   38   60   60
 33  2   28   20   20   63   40   40
 34  2   28    5    5   62    5    5
 35  3   83    5    5   82   10   10   36    5    5
 36  3   35    5    5   37   75   75    9   45   45
 37  5   31   40   40   36   75   75   74   60   60   38   10   10   39   35   35
 38  3   32   60   60   37   10   10   70   70   70
 39  3   37   35   35   40   35   35    8   35   35
 40  4   39   35   35    7   30   30   43   40   40   41   65   65
 41  3   40   65   65   42   50   50    6   35   35
 42  3   41   50   50   66   25   25   44   25   25
 43  2   40   40   40   70   20   20
 44  3   42   25   25   65    5    5   45    5    5
 45  4   44    5    5   73    5    5   67   10   10   46   55   55
 46  3   45   55   55   47   10   10   49   55   55
 47  3   46   10   10   51   30   30   48   30   30
 48  3   47   30   30   79   30   30   49   50   50
 49  4    5   50   50   46   55   55   48   50   50   80   50   50
 50  2   52   40    0   79   45   45
 51  3   47   30   30   64   50   50   61   90   90
 52  3   50   40    0   30   30    0   55   40   40
 53  2   30   25    0   54   30   30
 54  3   53   30   30   55   10   10   57   20   20
 55  3   52   40   40   54   10   10   60   15   15
 56  1   57   20   20
 57  4   54   20   20   56   20   20   59   15   15   58   25   25
 58  1   57   25   25
 59  3   57   15   15   60   10   10   62   90   90
 60  3   55   15   15   59   10   10   61   15   15
 61  3   51   90   90   60   15   15   64   60   60
 62  3   34    5    5   59   90   90   67   80   80
 63  3   33   40   40   68   20   20   69   25   25
 64  3   51   50   50   61   60   60   67   15   15
 65  3   44    5    5   66   10   10   73    5    5
 66  3   42   25   25   65   10   10   72    5    5
 67  4   45   10   10   62   80   80   64   15   15   68   10   10
 68  4   63   20   20   67   10   10   73   10   10   69   15   15
 69  4   63   25   25   68   15   15   71    5    5   70   10   10
 70  4   38   70   70   43   20   20   69   10   10   71   10   10
 71  3   69    5    5   70   10   10   72    5    5
 72  3   66    5    5   71    5    5   73   10   10
 73  4   45    5    5   65    5    5   68   10   10   72   10   10
 74  3   37   60   60   75   50   50   82   65    0
 75  2   74   50   50   22    5    5
 76  3   80   30   30   77   30    0   81   60    0
 77  3   80   30   30    3   10    0   76   30    0
 78  3   79   10   10   80  115  115   81   70    0
 79  3   48   30   30   50   45   45   78   10   10
 80  4   76   30   30   49   50   50   78  115  115   77   30   30
 81  2   78   70    0   76   60    0
 82  3   35   10   10   74   65    0   83   10    0
 83  3   11   60   60   35    5    5   82   10    0
