62
88
300
19
  1  2    2    5    0    7   45   45
  2  2    1    5    0    3   15   15
  3  2   56   60   60    2   15   15
  4  4   44   75   75   39  115  115   15  135  135    5   90   90
  5  3    6   10    0   18   70   70    4   90   90
  6  2   47   35    0    5   10    0
  7  2    1   45   45   62   30   30
  8  3   56   85   85    9   10   10   29    5    5
  9  3    8   10   10   10   25   25   30   15   15
 10  3    9   25   25   62   45   45   11   30   30
 11  3   10   30   30   61   35   35   32   55   55
 12  3   50   80   80   24   20   20   25    5    5
 13  2   51   50   50   26   30   30
 14  4   15    5    5   16    5    5   17    5    5   20   10   10
 15  4   14    5    5   16    5    5   37   25   25    4  135  135
 16  4   15    5    5   14    5    5   17    5    5   18   20   20
 17  3   16    5    5   14    5    5   19   10   10
 18  3    5   70   70   16   20   20   19   40   40
 19  4   18   40   40   17   10   10   20   20   20   21   25   25
 20  4   19   20   20   14   10   10   34   15   15   37   30   30
 21  3   45   85   85   19   25   25   22   50   50
 22  3   21   50   50   23   50   50   28   50   50
 23  3   49   20   20   22   50   50   48   30   30
 24  2   12   20   20   48   60   60
 25  2   12    5    5   27   30   30
 26  2   13   30   30   27   10   10
 27  3   26   10   10   25   30   30   28   10   10
 28  3   27   10   10   22   50   50   33   40   40
 29  2    8    5    5   31   10   10
 30  2    9   15   15   31    5    5
 31  4   29   10   10   30    5    5   33   30   30   36   40   40
 32  2   11   55   55   33   10   10
 33  4   31   30   30   32   10   10   28   40   40   35   40   40
 34  3   20   15   15   35   30   30   36   40   40
 35  3   33   40   40   34   30   30   36   20   20
 36  4   31   40   40   35   20   20   34   40   40   38   80   80
 37  3   20   30   30   15   25   25   38   55   55
 38  4   36   80   80   37   55   55   39   15   15   40   10   10
 39  3   38   15   15   40    5    5    4  115  115
 40  4   38   10   10   39    5    5   41   30   30   42   45   45
 41  3   55   65   65   40   30   30   54   45   45
 42  3   40   45   45   54   10   10   53   10   10
 43  1   44   40   40
 44  3   43   40   40   53   75   75    4   75   75
 45  3   21   85   85   49  125  125   46   20    0
 46  2   45   20    0   47   70    0
 47  2    6   35    0   46   70    0
 48  3   23   30   30   24   60   60   49   20    0
 49  3   45  125  125   23   20   20   48   20    0
 50  3   12   80   80   51   10    0   52    5    0
 51  3   60   15   15   13   50   50   50   10    0
 52  2   59    5    0   50    5    0
 53  3   42   10   10   44   75   75   54    5    0
 54  3   41   45   45   42   10   10   53    5    0
 55  2   41   65   65   57   10    0
 56  3    8   85   85    3   60   60   58   25    0
 57  2   58   10    0   55   10    0
 58  2   57   10    0   56   25    0
 59  2   52    5    0   60    5    0
 60  3   51   15   15   61   15    0   59    5    0
 61  3   11   35   35   62   40    0   60   15    0
 62  3   10   45   45    7   30   30   61   40    0
