40
60
300
24
  1  2   30   20   20   40   65   65
  2  2    5   50    0   19   45    0
  3  1    4   40   40
  4  4    3   40   40    5   30   30    7   50   50    6   50   50
  5  2    2   50    0    4   30   30
  6  2   11   95    0    4   50   50
  7  4    4   50   50   18   60   60    9   50   50    8   20   20
  8  3    7   20   20    9   30   30   10  100  100
  9  3    7   50   50    8   30   30   16   40   40
 10  4    8  100  100   12   55   55   37   60   60   11   50   50
 11  2    6   95    0   10   50   50
 12  3   10   55   55   15   40   40   37   70   70
 13  3   38   20   20   39   20   20   14   60   60
 14  4   13   60   60   15   15   15   26   10   10   23   15   15
 15  4   12   40   40   14   15   15   16   20   20   26   10   10
 16  4    9   40   40   15   20   20   17   15   15   27   10   10
 17  3   16   15   15   18   60   60   27   10   10
 18  4    7   60   60   17   60   60   19   15   15   34   75   75
 19  2    2   45    0   18   15   15
 20  3   34    5    5   28   55   55   21   45   45
 21  3   20   45   45   22   20   20   25   20   20
 22  4   21   20   20   28   45   45   23   10   10   25   15   15
 23  4   14   15   15   22   10   10   25   15   15   24   25   25
 24  2   23   25   25   29   45   45
 25  4   21   20   20   22   15   15   23   15   15   26   10   10
 26  4   14   10   10   15   10   10   25   10   10   27   10   10
 27  3   16   10   10   17   10   10   26   10   10
 28  4   20   55   55   22   45   45   32   55   55   29   50   50
 29  3   24   45   45   28   50   50   30   40   40
 30  3   29   40   40   31   40   40    1   20   20
 31  3   30   40   40   32   50   50   33   60   60
 32  3   28   55   55   31   50   50   33   30    0
 33  3   31   60   60   32   30    0   36   60    0
 34  3   18   75   75   20    5    5   35   65    0
 35  2   34   65    0   36   10    0
 36  2   33   60    0   35   10    0
 37  3   10   60   60   12   70   70   38   90    0
 38  3   13   20   20   39   10   10   37   90    0
 39  3   13   20   20   40   35   35   38   10   10
 40  2    1   65   65   39   35   35
