58
79
300
34
  1  4    2   10   10    4   60   60   21   50   50   14   45   45
  2  3    1   10   10    3   65   65    5   50   50
  3  3    2   65   65    7   75    0   23   90   90
  4  5    1   60   60    5   30   30   53   40   40   19   50   50   52   25   25
  5  2    4   30   30    2   50   50
  6  2    7   15    0    8   45    0
  7  2    3   75    0    6   15    0
  8  2    6   45    0   13   55    0
  9  2   46   55    0   54  100    0
 10  2   43   15    0   44   15    0
 11  2   25   35    0   31   70    0
 12  2   27   25    0   29   15    0
 13  2   30   15    0    8   55    0
 14  3    1   45   45   15    5    5   20   15   15
 15  3   14    5    5   21   60   60   16   15   15
 16  3   15   15   15   17    5    5   20    5    5
 17  3   16    5    5   35   25   25   18   15   15
 18  3   51   50   50   17   15   15   19   15   15
 19  3    4   50   50   18   15   15   20   20   20
 20  3   14   15   15   16    5    5   19   20   20
 21  3    1   50   50   15   60   60   22    5    5
 22  3   21    5    5   23    5    5   32  120  120
 23  3    3   90   90   22    5    5   24   30   30
 24  3   23   30   30   26   60   60   25   55   55
 25  2   11   35    0   24   55   55
 26  3   24   60   60   28    5    5   27   30   30
 27  2   12   25    0   26   30   30
 28  3   26    5    5   30   25   25   29   20   20
 29  2   12   15    0   28   20   20
 30  2   13   15    0   28   25   25
 31  2   11   70    0   32   20   20
 32  3   22  120  120   31   20   20   33   25   25
 33  4   32   25   25   38   15   15   36   80   80   34   70   70
 34  2   33   70   70   35   10   10
 35  3   17   25   25   34   10   10   37   70   70
 36  4   33   80   80   39   80   80   48   90   90   37   45   45
 37  3   35   70   70   36   45   45   47  115  115
 38  3   33   15   15   42  105  105   39   45   45
 39  4   36   80   80   38   45   45   40   65   65   41   20   20
 40  3   39   65   65   42   15   15   41   65   65
 41  4   39   20   20   40   65   65   50   80   80   49   95   95
 42  4   38  105  105   40   15   15   43   20   20   45    5    5
 43  2   10   15    0   42   20   20
 44  2   10   15    0   45   15   15
 45  3   42    5    5   44   15   15   46   65   65
 46  2    9   55    0   45   65   65
 47  3   37  115  115   48   25    0   57   20    0
 48  3   36   90   90   55   55    0   47   25    0
 49  3   41   95   95   50   25   25   55   20    0
 50  3   41   80   80   49   25   25   54   10    0
 51  3   52   10   10   18   50   50   56  150    0
 52  3    4   25   25   51   10   10   53   35    0
 53  2    4   40   40   52   35    0
 54  2    9  100    0   50   10    0
 55  2   49   20    0   48   55    0
 56  2   51  150    0   58   40    0
 57  2   47   20    0   58   15    0
 58  2   56   40    0   57   15    0
