97
140
300
79
  1  3    2   15   15    3   40   40   58    5    5
  2  4    1   15   15   12   20   20   57   20   20   74   15   15
  3  3    1   40   40    8  150  150   35   10   10
  4  3   11   55   55   10   20   20   56   75   75
  5  2    9   10   10   24  100    0
  6  2    7   35   35   87  110  110
  7  2    6   35   35    8   10    0
  8  3    3  150  150   22   50    0    7   10    0
  9  4    5   10   10   10   25    0   16   80    0   56   30   30
 10  2    4   20   20    9   25    0
 11  2   12   25   25    4   55   55
 12  2    2   20   20   11   25   25
 13  2   14   65    0   24   55    0
 14  2   13   65    0   15    5    0
 15  2   14    5    0   18  105    0
 16  2    9   80    0   17   20    0
 17  2   16   20    0   18   45    0
 18  3   17   45    0   15  105    0   21   15    0
 19  2   20   10    0   23   25    0
 20  2   19   10    0   21   70    0
 21  2   20   70    0   18   15    0
 22  2   23   15    0    8   50    0
 23  2   22   15    0   19   25    0
 24  3    5  100    0   13   55    0   53   60    0
 25  3   26   10   10   27   40   40   71   25   25
 26  3   25   10   10   29   35   35   70   25   25
 27  2   25   40   40   28   75   75
 28  1   27   75   75
 29  2   26   35   35   30   30    0
 30  2   29   30    0   70   60   60
 31  3   34   15    0   38  140  140   32   15   15
 32  2   33   50    0   31   15   15
 33  3   93   55    0   32   50    0   88   55   55
 34  2   31   15    0   97   80    0
 35  3    3   10   10   59   30   30   36   25   25
 36  4   87  115  115   35   25   25   61   25   25   37   50   50
 37  5   36   50   50   64   25   25   43   15   15   38   15   15   41   80   80
 38  3   37   15   15   39   30   30   31  140  140
 39  3   38   30   30   43   40   40   40   15   15
 40  2   86   40    0   39   15   15
 41  4   37   80   80   88   25   25   89   20   20   90   20   20
 42  4   43   30   30   66   15   15   85   15   15   86   70   70
 43  4   37   15   15   39   40   40   42   30   30   64   25   25
 44  3   67   15   15   68   35   35   85   15   15
 45  3   46   35   35   48   15   15   49   40   40
 46  3   45   35   35   73   15   15   47   25   25
 47  3   46   25   25   57   50   50   55  110  110
 48  2   45   15   15   49   20   20
 49  3   45   40   40   48   20   20   50  105  105
 50  3   49  105  105   51    5    5   52   10   10
 51  2   50    5    5   52    5    5
 52  3   50   10   10   51    5    5   53   65   65
 53  2   24   60    0   52   65   65
 54  2   56   40    0   55   65   65
 55  3   47  110  110   54   65   65   56   20   20
 56  4   54   40    0    9   30   30    4   75   75   55   20   20
 57  4   47   50   50   73   15   15   74   10   10    2   20   20
 58  3    1    5    5   77   20   20   59   10   10
 59  3   35   30   30   58   10   10   60   10   10
 60  4   59   10   10   77   15   15   62    5    5   61    5    5
 61  3   36   25   25   60    5    5   62    5    5
 62  4   60    5    5   61    5    5   78   25   25   63   25   25
 63  4   62   25   25   83   10   10   84    5    5   64    5    5
 64  4   37   25   25   43   25   25   63    5    5   65   10   10
 65  3   64   10   10   84    5    5   66   20   20
 66  4   42   15   15   65   20   20   82   15   15   81   15   15
 67  3   44   15   15   81    5    5   68   15   15
 68  3   44   35   35   67   15   15   69   15   15
 69  3   68   15   15   79    5    5   72   35   35
 70  3   30   60   60   26   25   25   71   10   10
 71  3   25   25   25   70   10   10   72   10   10
 72  4   69   35   35   71   10   10   75   10   10   73   15   15
 73  3   46   15   15   57   15   15   72   15   15
 74  3   57   10   10    2   15   15   75   10   10
 75  3   72   10   10   74   10   10   76   15   15
 76  3   75   15   15   78   15   15   77   10   10
 77  3   58   20   20   60   15   15   76   10   10
 78  4   62   25   25   76   15   15   79   15   15   83   10   10
 79  4   69    5    5   78   15   15   81   10   10   80    5    5
 80  3   79    5    5   81    5    5   82    5    5
 81  4   66   15   15   67    5    5   79   10   10   80    5    5
 82  4   66   15   15   80    5    5   84    5    5   83    5    5
 83  4   63   10   10   78   10   10   82    5    5   84    5    5
 84  4   63    5    5   65    5    5   82    5    5   83    5    5
 85  3   94  135  135   42   15   15   44   15   15
 86  3   40   40    0   94   30   30   42   70   70
 87  3    6  110  110   36  115  115   92   10    0
 88  3   41   25   25   33   55   55   89   15    0
 89  4   41   20   20   90   25    0   91   10    0   88   15    0
 90  3   41   20   20   89   25    0   92   65    0
 91  2   89   10    0   93    5    0
 92  2   90   65    0   87   10    0
 93  2   33   55    0   91    5    0
 94  3   86   30   30   85  135  135   95   10    0
 95  2   94   10    0   96   30    0
 96  2   95   30    0   97   10    0
 97  2   34   80    0   96   10    0
