32
42
300
21
  1  2    2    5    0    4   15    0
  2  2    1    5    0    3    5    5
  3  3    5    5    5    2    5    5   17    5    5
  4  2    5   10   10    1   15    0
  5  4    3    5    5    4   10   10    9   80    0   18   15   15
  6  2    7   20   20   31  140  140
  7  3    6   20   20    8   60    0   30   60   60
  8  2    7   60    0    9   20    0
  9  2    8   20    0    5   80    0
 10  2   11   40    0   16   75   75
 11  3   12    5    0   10   40    0   18    5    5
 12  4   32    5    0   11    5    0   17    5    5   18    5    5
 13  3   14   20    0   22    5    5   23    5    5
 14  2   13   20    0   28   20   20
 15  2   16   35   35   21   75   75
 16  3   19   55    0   10   75   75   15   35   35
 17  3    3    5    5   32    5    5   12    5    5
 18  4    5   15   15   12    5    5   11    5    5   20   80   80
 19  2   16   55    0   20   25   25
 20  3   18   80   80   19   25   25   24   60   60
 21  2   15   75   75   22   15   15
 22  3   21   15   15   13    5    5   23    5    5
 23  3   22    5    5   13    5    5   25   10   10
 24  3   20   60   60   25   10   10   26   15   15
 25  3   24   10   10   23   10   10   26   15   15
 26  3   24   15   15   25   15   15   27   10   10
 27  3   26   10   10   28    5    5   30   30   30
 28  3   27    5    5   14   20   20   29   50   50
 29  2   28   50   50   31   65   65
 30  2   27   30   30    7   60   60
 31  2   29   65   65    6  140  140
 32  2   12    5    0   17    5    5
