43
56
300
20
  1  2   27   65   65    2   20   20
  2  3   25  110  110    3   80   80    1   20   20
  3  3    5   50    0   21  130  130    2   80   80
  4  3    5   80    0   32   30   30   33   50   50
  5  2    4   80    0    3   50    0
  6  2   36   70    0    7   80    0
  7  3    6   80    0   11   85    0    8   50    0
  8  3    7   50    0   12   15    0   29  165    0
  9  3   35   15   15   34   25   25   10   50   50
 10  3    9   50   50   14   85   85   11   55   55
 11  2    7   85    0   10   55   55
 12  2    8   15    0   13   35   35
 13  3   12   35   35   14   80   80   15   50   50
 14  3   10   85   85   13   80   80   16   20   20
 15  3   13   50   50   16   15   15   23   10   10
 16  3   14   20   20   15   15   15   17   15   15
 17  3   41  120  120   16   15   15   18   10   10
 18  3   39  135  135   17   10   10   19   20   20
 19  3   18   20   20   20   25   25   21   10   10
 20  2   19   25   25   32   45   45
 21  3   19   10   10    3  130  130   22   10   10
 22  3   21   10   10   24   25   25   23   10   10
 23  3   15   10   10   22   10   10   26   25   25
 24  3   22   25   25   25   20   20   26   15   15
 25  2   24   20   20    2  110  110
 26  3   23   25   25   24   15   15   27  145  145
 27  4   26  145  145    1   65   65   30   15   15   28   15   15
 28  3   27   15   15   30   15   15   29   25   25
 29  2    8  165    0   28   25   25
 30  3   27   15   15   28   15   15   31   30   30
 31  1   30   30   30
 32  3   20   45   45   33   60   60    4   30   30
 33  3   40   95   95   32   60   60    4   50   50
 34  2    9   25   25   38   10    0
 35  2   41  115  115    9   15   15
 36  2    6   70    0   37   10    0
 37  2   36   10    0   38   30    0
 38  2   37   30    0   34   10    0
 39  3   18  135  135   40   20   20   43    5    0
 40  2   33   95   95   39   20   20
 41  3   17  120  120   35  115  115   42   75    0
 42  2   41   75    0   43   15    0
 43  2   42   15    0   39    5    0
