93
133
300
52
  1  2   75  160  160    4   90   90
  2  2   88   30   30    3   30   30
  3  2    2   30   30   48   70   70
  4  2   87   10   10    1   90   90
  5  2    6   10    0   10  120  120
  6  2    7   40   40    5   10    0
  7  2    6   40   40   48  125  125
  8  2    9   10   10   59   15   15
  9  2   47   15   15    8   10   10
 10  3   11   25    0   33   25   25    5  120  120
 11  3   10   25    0   33   10   10   26   20   20
 12  2   14   15   15   47   20   20
 13  2   15   10    0   26    5    5
 14  3   17   10    0   19   10   10   12   15   15
 15  2   13   10    0   16    5    0
 16  2   15    5    0   17    5    0
 17  2   16    5    0   14   10    0
 18  3   81   30    0   82   15    0   85   35    0
 19  3   14   10   10   20    5    5   45   25   25
 20  3   19    5    5   21    5    5   27   15   15
 21  3   20    5    5   22    5    5   28   15   15
 22  3   21    5    5   23    5    5   41   25   25
 23  3   22    5    5   24   15   15   29    5    5
 24  3   23   15   15   25    5    5   30   20   20
 25  3   24    5    5   26   10   10   31    5    5
 26  3   25   10   10   13    5    5   11   20   20
 27  3   20   15   15   28    5    5   44   15   15
 28  4   27    5    5   21   15   15   42   15   15   43   15   15
 29  3   23    5    5   30   20   20   39   20   20
 30  3   29   20   20   24   20   20   36   20   20
 31  3   25    5    5   33   15   15   35   35   35
 32  3   33    5    5   34   35   35   35   25   25
 33  4   32    5    5   31   15   15   11   10   10   10   25   25
 34  2   32   35   35   35   35   35
 35  4   31   35   35   32   25   25   34   35   35   36   10   10
 36  3   30   20   20   35   10   10   37   10   10
 37  3   36   10   10   38   30   30   48   70   70
 38  3   37   30   30   39   20   20   53   70   70
 39  4   29   20   20   38   20   20   40   20   20   49   50   50
 40  3   39   20   20   41    5    5   49   70   70
 41  4   22   25   25   40    5    5   42    5    5   56   40   40
 42  3   28   15   15   41    5    5   43   15   15
 43  4   28   15   15   42   15   15   44   20   20   57   20   20
 44  3   27   15   15   43   20   20   45    5    5
 45  3   19   25   25   44    5    5   46   10   10
 46  3   45   10   10   47    5    5   59   30   30
 47  3   12   20   20   46    5    5    9   15   15
 48  4   37   70   70    7  125  125    3   70   70   53   80   80
 49  4   40   70   70   39   50   50   54   30   30   55   25   25
 50  3   51   30   30   64   30   30   67   20   20
 51  3   50   30   30   52   15   15   54   30   30
 52  2   51   15   15   53   10   10
 53  4   38   70   70   48   80   80   52   10   10   54   15   15
 54  4   49   30   30   53   15   15   51   30   30   55   20   20
 55  3   49   25   25   54   20   20   93   30   30
 56  3   41   40   40   57   45   45   91   40   40
 57  4   43   20   20   56   45   45   58   45   45   90   40   40
 58  3   57   45   45   59   15   15   63   40   40
 59  3   46   30   30   58   15   15    8   15   15
 60  1   62   35   35
 61  1   62   20   20
 62  3   61   20   20   60   35   35   63    5    5
 63  3   62    5    5   58   40   40   89   40   40
 64  4   93   70   70   50   30   30   65   25   25   66   20   20
 65  3   92   60   60   64   25   25   71   40   40
 66  2   64   20   20   68   20   20
 67  2   50   20   20   68   25   25
 68  3   66   20   20   67   25   25   69   10   10
 69  3   68   10   10   70    5    5   72    5    5
 70  3   69    5    5   71    5    5   72    5    5
 71  3   65   40   40   70    5    5   75   10   10
 72  3   70    5    5   69    5    5   77   25   25
 73  3   74   10   10   77    5    5   79   10   10
 74  3   73   10   10   76    5    5   77    5    5
 75  3   71   10   10   76   10   10    1  160  160
 76  3   75   10   10   74    5    5   78   20   20
 77  4   73    5    5   74    5    5   72   25   25   86   15   15
 78  3   76   20   20   79   10   10   84   15   15
 79  3   78   10   10   73   10   10   83   10   10
 80  3   84   20   20   81   10   10   82   30   30
 81  2   18   30    0   80   10   10
 82  2   18   15    0   80   30   30
 83  3   79   10   10   86   15   15   84   15    0
 84  4   78   15   15   80   20   20   85   50   50   83   15    0
 85  3   18   35    0   87   55   55   84   50   50
 86  3   77   15   15   83   15   15   88   80   80
 87  2    4   10   10   85   55   55
 88  2    2   30   30   86   80   80
 89  2   63   40   40   90   20    0
 90  3   57   40   40   91   80    0   89   20    0
 91  3   56   40   40   93   50   50   90   80    0
 92  2   65   60   60   93   80   80
 93  4   55   30   30   64   70   70   92   80   80   91   50   50
