62
84
300
31
  1  2   12   35    0    2   30    0
  2  3    1   30    0   34   40    0    3   70    0
  3  3    2   70    0   25   20    0    4   60    0
  4  3    3   60    0   24   15    0   23   25    0
  5  3    6   15    0   23   85    0   21   10    0
  6  3    5   15    0   20   10    0    7   75    0
  7  2    6   75    0    8   25    0
  8  2    7   25    0   17    5    0
  9  3   43   20   20   11   15   15   10   25   25
 10  2    9   25   25   15   10   10
 11  2    9   15   15   16   15   15
 12  2    1   35    0   13   30   30
 13  3   12   30   30   51   50   50   33   50   50
 14  3   45   25   25   46   25   25   27   70   70
 15  3   10   10   10   16   20   20   18   15   15
 16  3   11   15   15   15   20   20   17   30   30
 17  2    8    5    0   16   30   30
 18  2   15   15   15   19   15   15
 19  3   48   25   25   18   15   15   20   35   35
 20  4    6   10    0   48   25   25   19   35   35   22   25   25
 21  2    5   10    0   22   15   15
 22  3   46   65   65   20   25   25   21   15   15
 23  3    4   25    0    5   85    0   26   35   35
 24  2    4   15    0   26   20   20
 25  2    3   20    0   29   60   60
 26  4   23   35   35   24   20   20   28   15   15   27    5    5
 27  3   14   70   70   26    5    5   31    5    5
 28  3   26   15   15   29    5    5   31    5    5
 29  3   25   60   60   28    5    5   32   25   25
 30  3   31   20   20   32    5    5   40   70   70
 31  3   27    5    5   28    5    5   30   20   20
 32  3   29   25   25   30    5    5   33   75   75
 33  4   13   50   50   32   75   75   35   70   70   34   10   10
 34  2    2   40    0   33   10   10
 35  3   33   70   70   37    5    5   36   20   20
 36  1   35   20   20
 37  3   35    5    5   52   20   20   55   30   30
 38  5   44  135  135   54   20   20   39   30   30   42   25   25   56   30   30
 39  3   38   30   30   40   20   20   42    5    5
 40  2   30   70   70   39   20   20
 41  3   42    5    5   60   30   30   59   30   30
 42  4   38   25   25   39    5    5   41    5    5   58   30   30
 43  2    9   20   20   50   20   20
 44  2   38  135  135   49   35   35
 45  3   14   25   25   49   30   30   46   20    0
 46  4   14   25   25   22   65   65   47   50    0   45   20    0
 47  2   48   30   30   46   50    0
 48  4   19   25   25   20   25   25   47   30   30   50   85   85
 49  2   45   30   30   44   35   35
 50  2   48   85   85   43   20   20
 51  2   13   50   50   52   10    0
 52  3   37   20   20   62   15    0   51   10    0
 53  1   54   25   25
 54  3   38   20   20   53   25   25   61   20    0
 55  3   37   30   30   57   15    0   62   20    0
 56  3   38   30   30   58   10   10   61    5    0
 57  2   60   10   10   55   15    0
 58  3   42   30   30   56   10   10   59    5    5
 59  3   41   30   30   58    5    5   60    5    5
 60  3   41   30   30   59    5    5   57   10   10
 61  2   56    5    0   54   20    0
 62  2   55   20    0   52   15    0
