45
64
300
32
  1  3    3   25   25    2   10   10    8   70   70
  2  3    4   10   10    1   10   10   41  120  120
  3  1    1   25   25
  4  2    2   10   10    7   65    0
  5  3    6    5    5    7   45    0   44   25   25
  6  2    5    5    5   45   25   25
  7  2    5   45    0    4   65    0
  8  4   21   25   25    9   10   10    1   70   70   35  100  100
  9  3   18   35   35    8   10   10   22   45   45
 10  3   11   80    0   23   15   15   24   50   50
 11  4   12   30    0   10   80    0   22   35   35   26   80   80
 12  4   13   15    0   11   30    0   17   10   10   18   15   15
 13  2   12   15    0   17   15   15
 14  2   27   40    0   15   40    0
 15  3   14   40    0   38   10    0   16   60    0
 16  2   39   50    0   15   60    0
 17  3   13   15   15   12   10   10   18   15   15
 18  3   12   15   15   17   15   15    9   35   35
 19  3   20    5    5   21   10   10   22    5    5
 20  2   19    5    5   21   10   10
 21  3   20   10   10   19   10   10    8   25   25
 22  4    9   45   45   19    5    5   11   35   35   33   65   65
 23  1   10   15   15
 24  3   10   50   50   25   10   10   26   45   45
 25  1   24   10   10
 26  4   24   45   45   11   80   80   27   60   60   28   40   40
 27  2   14   40    0   26   60   60
 28  4   29   20    0   26   40   40   31   15   15   33   35   35
 29  2   28   20    0   30   10   10
 30  3   29   10   10   31    5    5   37   35   35
 31  3   30    5    5   28   15   15   32   20   20
 32  3   31   20   20   33    5    5   34   10   10
 33  4   32    5    5   28   35   35   22   65   65   34   10   10
 34  4   32   10   10   33   10   10   35    5    5   36    5    5
 35  4   34    5    5    8  100  100   36    5    5   41   40   40
 36  4   34    5    5   35    5    5   37   55   55   40   40   40
 37  3   30   35   35   36   55   55   38    5    5
 38  2   15   10    0   37    5    5
 39  2   16   50    0   40   35   35
 40  4   39   35   35   36   40   40   41   10   10   43   20   20
 41  4   40   10   10   35   40   40    2  120  120   42   10   10
 42  3   41   10   10   43   10   10   44   45   45
 43  3   40   20   20   42   10   10   45   35   35
 44  2   42   45   45    5   25   25
 45  2   43   35   35    6   25   25
