60
84
300
34
  1  3    5   40    0    2   50   50    7   15   15
  2  3    3    5    0   49   30   30    1   50   50
  3  4    4   10    0    2    5    0   50   15   15   52    5    5
  4  2    3   10    0   52   10   10
  5  2    6   10    0    1   40    0
  6  2    5   10    0   56   35    0
  7  2    1   15   15   10   60   60
  8  2   47   90   90    9   10   10
  9  2   10   30   30    8   10   10
 10  2    7   60   60    9   30   30
 11  3   57   30   30   12   10   10   13   25   25
 12  1   11   10   10
 13  3   11   25   25   14   10   10   15   10   10
 14  2   13   10   10   15   10   10
 15  4   13   10   10   14   10   10   16   10   10   17   10   10
 16  3   15   10   10   22   15   15   17    5    5
 17  4   15   10   10   16    5    5   20   10   10   18   15   15
 18  3   17   15   15   19    5    5   23   95   95
 19  4   18    5    5   20    5    5   21   10   10   37   80   80
 20  4   17   10   10   19    5    5   22    5    5   21    5    5
 21  5   19   10   10   20    5    5   22    5    5   53   65   65   42   25   25
 22  4   16   15   15   20    5    5   21    5    5   60   70   70
 23  5   18   95   95   37   60   60   31   70   70   25   30   30   24   50   50
 24  1   23   50   50
 25  3   23   30   30   27   15   15   26   15   15
 26  3   25   15   15   27   15   15   28   15   15
 27  4   25   15   15   26   15   15   30   35   35   29   25   25
 28  1   26   15   15
 29  1   27   25   25
 30  3   27   35   35   31   15   15   32   15   15
 31  5   23   70   70   30   15   15   34   25   25   33   15   15   32   10   10
 32  3   30   15   15   31   10   10   33   25   25
 33  3   31   15   15   32   25   25   38   45   45
 34  2   31   25   25   35   25   25
 35  3   34   25   25   37   10   10   36   10   10
 36  3   35   10   10   37    5    5   38   65   65
 37  4   19   80   80   23   60   60   35   10   10   36    5    5
 38  4   33   45   45   36   65   65   40   15   15   39   15   15
 39  1   38   15   15
 40  3   38   15   15   41  140  140   43   15   15
 41  3   40  140  140   42   30   30   51   85   85
 42  3   21   25   25   41   30   30   53   45   45
 43  3   40   15   15   44   10   10   45    5    5
 44  3   43   10   10   49   80   80   45   10   10
 45  4   43    5    5   44   10   10   47   75   75   46   30   30
 46  1   45   30   30
 47  4   45   75   75   49   90   90    8   90   90   48   10   10
 48  1   47   10   10
 49  4   44   80   80   47   90   90   50   10   10    2   30   30
 50  3   49   10   10   51   10   10    3   15   15
 51  3   41   85   85   50   10   10   52    5    5
 52  3   51    5    5    4   10   10    3    5    5
 53  3   21   65   65   42   45   45   54   15    0
 54  2   53   15    0   55  100    0
 55  2   54  100    0   56   20    0
 56  2    6   35    0   55   20    0
 57  2   11   30   30   58   80   80
 58  2   59   30   30   57   80   80
 59  2   60   15   15   58   30   30
 60  2   22   70   70   59   15   15
