56
76
300
17
  1  2    2   10   10   40   20   20
  2  2    1   10   10    9   70   70
  3  2   16   40    0    4   80    0
  4  3    3   80    0   21   20    0    5   95    0
  5  2    4   95    0   22   25    0
  6  2   25   25    0    7   20    0
  7  3   30   25    0   31   40    0    6   20    0
  8  5   37   20   20   36   10   10    9   10   10   14    5    5   15   10   10
  9  4   14    5    0    2   70   70    8   10   10   10   20   20
 10  3    9   20   20   11   35   35   13   10   10
 11  1   10   35   35
 12  1   13   45   45
 13  3   12   45   45   10   10   10   14   25   25
 14  5    9    5    0   18   15    0   13   25   25    8    5    5   17   40   40
 15  3    8   10   10   18   10   10   19    5    5
 16  2    3   40    0   17   25   25
 17  2   14   40   40   16   25   25
 18  2   14   15    0   15   10   10
 19  3   15    5    5   20   15   15   26   85   85
 20  3   19   15   15   21   45   45   23   70   70
 21  2    4   20    0   20   45   45
 22  2    5   25    0   23   45   45
 23  4   22   45   45   20   70   70   24   25   25   26   50   50
 24  3   23   25   25   25   15   15   29   40   40
 25  2    6   25    0   24   15   15
 26  4   23   50   50   19   85   85   27   30   30   28   30   30
 27  4   26   30   30   34   20   20   35   15   15   28   30   30
 28  3   26   30   30   27   30   30   29   35   35
 29  4   24   40   40   28   35   35   30   15   15   32   35   35
 30  2    7   25    0   29   15   15
 31  4    7   40    0   54   20   20   55   10   10   32   10   10
 32  4   55    5    5   31   10   10   29   35   35   56   30   30
 33  3   53   30   30   35   60   60   48   20    0
 34  3   27   20   20   36   80    0   35   15    0
 35  3   27   15   15   33   60   60   34   15    0
 36  3    8   10   10   37   10    0   34   80    0
 37  3    8   20   20   38   45    0   36   10    0
 38  2   39   35   35   37   45    0
 39  3   40    5    5   38   35   35   45   15    0
 40  2    1   20   20   39    5    5
 41  2   42   20    0   44   15    0
 42  3   41   20    0   43   20    0   49   25    0
 43  2   42   20    0   44   15    0
 44  3   41   15    0   43   15    0   47   50    0
 45  2   39   15    0   46   20    0
 46  2   45   20    0   47   15    0
 47  2   46   15    0   44   50    0
 48  2   33   20    0   49   50    0
 49  3   48   50    0   42   25    0   51   35    0
 50  2   51    5    0   52   25    0
 51  2   50    5    0   49   35    0
 52  2   53   30    0   50   25    0
 53  3   33   30   30   52   30    0   56   60    0
 54  2   31   20   20   55   10    0
 55  4   31   10   10   32    5    5   56   30    0   54   10    0
 56  3   32   30   30   53   60    0   55   30    0
