78
109
300
56
  1  4    5   10   10    2   30   30   20   20   20   22   10   10
  2  3    1   30   30    3   10   10    5   45   45
  3  1    2   10   10
  4  2    6   15    0   19   10   10
  5  3    1   10   10    6   25    0    2   45   45
  6  2    5   25    0    4   15    0
  7  2   69   10   10   70   15   15
  8  2    9    5    5   69    5    5
  9  3   13   60    0   68    5    5    8    5    5
 10  3   12   60    0   54   50   50   11   10   10
 11  3   13   45    0   55   50   50   10   10   10
 12  3   10   60    0   31   50   50   33   55   55
 13  2   11   45    0    9   60    0
 14  3   36   40    0   37   30    0   40   45    0
 15  3   16   40    0   44   10    0   45   10    0
 16  3   15   40    0   28   40    0   17  115    0
 17  3   16  115    0   24   20    0   23   15    0
 18  2   76   30   30   72   20   20
 19  3   73  160  160    4   10   10   20   25   25
 20  3   19   25   25    1   20   20   21   20   20
 21  3   20   20   20   22   30   30   25   55   55
 22  3   21   30   30    1   10   10   23   40   40
 23  2   17   15    0   22   40   40
 24  2   17   20    0   25   60   60
 25  4   21   55   55   24   60   60   27  100  100   26   60   60
 26  2   25   60   60   49   20   20
 27  3   25  100  100   28   15   15   29   30   30
 28  2   16   40    0   27   15   15
 29  3   27   30   30   46    5    5   47   10   10
 30  4   78   15   15   31    5    5   32   10   10   34   70   70
 31  4   77   10   10   30    5    5   12   50   50   32   10   10
 32  3   30   10   10   31   10   10   33   30   30
 33  3   32   30   30   12   55   55   52   40   40
 34  4   30   70   70   38   15   15   36   30   30   35   25   25
 35  1   34   25   25
 36  2   14   40    0   34   30   30
 37  2   14   30    0   38   60   60
 38  3   34   15   15   37   60   60   39   65   65
 39  3   38   65   65   51   10   10   40   90   90
 40  3   14   45    0   39   90   90   42   15   15
 41  2   42   10   10   43   15   15
 42  3   40   15   15   41   10   10   48   75   75
 43  2   41   15   15   44   30   30
 44  2   15   10    0   43   30   30
 45  2   15   10    0   46   40   40
 46  3   29    5    5   45   40   40   47    5    5
 47  3   29   10   10   46    5    5   48   50   50
 48  3   42   75   75   47   50   50   50   30   30
 49  3   26   20   20   50   20   20   61   10   10
 50  4   48   30   30   49   20   20   51   15   15   63   10   10
 51  4   39   10   10   50   15   15   52   15   15   63   10   10
 52  4   33   40   40   51   15   15   53   10   10   64   15   15
 53  3   52   10   10   54   45   45   56   15   15
 54  4   53   45   45   10   50   50   55   10   10   56   35   35
 55  3   54   10   10   11   50   50   57   25   25
 56  4   53   15   15   54   35   35   57   15   15   65   15   15
 57  3   55   25   25   56   15   15   58   20   20
 58  3   57   20   20   59    5    5   65   10   10
 59  3   58    5    5   60    5    5   62   10   10
 60  3   59    5    5   66   60   60   61   15   15
 61  3   49   10   10   60   15   15   62   15   15
 62  4   59   10   10   61   15   15   63    5    5   64    5    5
 63  4   50   10   10   51   10   10   62    5    5   64    5    5
 64  4   52   15   15   62    5    5   63    5    5   65    5    5
 65  3   56   15   15   58   10   10   64    5    5
 66  2   60   60   60   67   30   30
 67  2   66   30   30   68   30   30
 68  3   67   30   30    9    5    5   69    5    5
 69  3   68    5    5    8    5    5    7   10   10
 70  3    7   15   15   72   20   20   71   10   10
 71  2   72   10    0   70   10   10
 72  3   71   10    0   18   20   20   70   20   20
 73  2   19  160  160   74   40   40
 74  2   75    5    5   73   40   40
 75  2   76    5    5   74    5    5
 76  2   18   30   30   75    5    5
 77  2   31   10   10   78   10    0
 78  2   30   15   15   77   10    0
