77
115
300
49
  1  3    2   30   30   21   30    0   56   15    0
  2  4    4   25   25    1   30   30    6   25   25   54   20   20
  3  4    5   35   35    4    5    5   30    5    5   29    5    5
  4  3    2   25   25    3    5    5   53    5    5
  5  4    3   35   35   12   25   25    6   50   50   52   25   25
  6  3    5   50   50   21   20   20    2   25   25
  7  4   10   50   50    8   15   15   49   50   50   16   45   45
  8  3    7   15   15    9   20   20   68   40   40
  9  3    8   20   20   15   15   15   50   15   15
 10  3    7   50   50   11   15   15   13   15   15
 11  4   10   15   15   12   20   20   13   10   10   19   80   80
 12  3    5   25   25   11   20   20   13   20   20
 13  4   10   15   15   12   20   20   48   45   45   11   10   10
 14  3   15    5    0   77   20    0   50    5    5
 15  4    9   15   15   16   35    0   14    5    0   50    5    5
 16  3   17   45   45   15   35    0    7   45   45
 17  2   18   10   10   16   45   45
 18  2   20   80   80   17   10   10
 19  3   20   15   15   21   60    0   11   80   80
 20  2   19   15   15   18   80   80
 21  3    6   20   20   19   60    0    1   30    0
 22  2   76    5    0   23    5    0
 23  2   22    5    0   24    5    0
 24  3   23    5    0   25    5    5   76   25   25
 25  2   24    5    5   27   15   15
 26  2   27   40   40   37   60   60
 27  2   25   15   15   26   40   40
 28  3   29   15    0   62   25    0   55   20   20
 29  4   30    5    0   28   15    0    3    5    5   53    5    5
 30  3   35   40    0   29    5    0    3    5    5
 31  2   36   50    0   43    5    5
 32  3   33   25    0   44   25   25   69   50   50
 33  3   34   55    0   32   25    0   38   50   50
 34  2   33   55    0   37   10   10
 35  3   36   10    0   30   40    0   51   20    0
 36  2   35   10    0   31   50    0
 37  3   34   10   10   38   55   55   26   60   60
 38  5   65    5    5   64    5    5   63   20   20   37   55   55   33   50   50
 39  4   40    5    5   41   10   10   46   10   10   47   15   15
 40  3   39    5    5   41    5    5   44   10   10
 41  4   39   10   10   40    5    5   42   20   20   43   10   10
 42  4   41   20   20   43   20   20   48   10   10   52   50   50
 43  4   31    5    5   42   20   20   41   10   10   44   20   20
 44  4   32   25   25   43   20   20   40   10   10   46   25   25
 45  3   46   10   10   66   35   35   67   35   35
 46  4   45   10   10   44   25   25   39   10   10   47   15   15
 47  4   46   15   15   39   15   15   48   20   20   49   30   30
 48  3   47   20   20   42   10   10   13   45   45
 49  2   47   30   30    7   50   50
 50  3   14    5    5   15    5    5    9   15   15
 51  2   35   20    0   52   15   15
 52  3   42   50   50   51   15   15    5   25   25
 53  3    4    5    5   29    5    5   55    5    5
 54  3    2   20   20   55   10   10   60   30   30
 55  4   54   10   10   53    5    5   28   20   20   61   40   40
 56  3   60   40   40   57   50    0    1   15    0
 57  3   60   15   15   58    5    5   56   50    0
 58  2   59   10   10   57    5    5
 59  2   61   20   20   58   10   10
 60  4   54   30   30   57   15   15   61   10   10   56   40   40
 61  4   55   40   40   59   20   20   60   10   10   62   35   35
 62  2   28   25    0   61   35   35
 63  3   38   20   20   73   10    0   74   15    0
 64  3   38    5    5   65    5    0   73    5    0
 65  4   38    5    5   69   60   60   72    5    0   64    5    0
 66  3   45   35   35   68   60   60   67   10    0
 67  3   45   35   35   69   45   45   66   10    0
 68  3    8   40   40   66   60   60   71   50    0
 69  3   32   50   50   67   45   45   65   60   60
 70  2   76   30    0   75   20    0
 71  2   77   10    0   68   50    0
 72  2   65    5    0   73    5    0
 73  3   72    5    0   64    5    0   63   10    0
 74  2   63   15    0   75   20    0
 75  2   70   20    0   74   20    0
 76  3   22    5    0   24   25   25   70   30    0
 77  2   14   20    0   71   10    0
