37
50
300
13
  1  3   37   20   20    2  100  100    4   50    0
  2  3    1  100  100    3   15   15   11  110  110
  3  1    2   15   15
  4  3    1   50    0   18   55    0   34  125  125
  5  4   29   35   35   16   15   15   13   50   50   10   80   80
  6  3   20   25   25    9   15   15    7   25   25
  7  4   20    5    5    6   25   25    8   40   40   21   15   15
  8  3   17   30    0   23   70    0    7   40   40
  9  3    6   15   15   10   20   20   17   15   15
 10  3    5   80   80   30   90   90    9   20   20
 11  4    2  110  110   12   40   40   17   80   80   18   30   30
 12  3   11   40   40   25   40   40   24   40   40
 13  3    5   50   50   14   25   25   18   20   20
 14  3   13   25   25   16   10   10   15   10   10
 15  2   14   10   10   16   10   10
 16  3    5   15   15   14   10   10   15   10   10
 17  3    8   30    0    9   15   15   11   80   80
 18  3    4   55    0   11   30   30   13   20   20
 19  2   32   70   70   20    5    5
 20  4    6   25   25    7    5    5   19    5    5   21   15    0
 21  3    7   15   15   23   60    0   20   15    0
 22  2   23   25    0   24   70    0
 23  3    8   70    0   21   60    0   22   25    0
 24  3   12   40   40   25   10    0   22   70    0
 25  2   12   40   40   24   10    0
 26  2   27   15   15   37   25   25
 27  2   28    5    5   26   15   15
 28  2   33   40   40   27    5    5
 29  3    5   35   35   34   50   50   35    5    0
 30  3   10   90   90   31   25   25   36   25    0
 31  2   32   55   55   30   25   25
 32  2   19   70   70   31   55   55
 33  2   34   10   10   28   40   40
 34  3    4  125  125   33   10   10   29   50   50
 35  2   29    5    0   36   20    0
 36  2   30   25    0   35   20    0
 37  2    1   20   20   26   25   25
